Storage Facility + Critical Assembly
c
c Facility
c
100     1  0.0764     -99 +10 +11 +12
                          +13 +14 +15           imp:n=1
c
c Rooms 
c
110     2  4.8333e-5  -10  fill=8               imp:n=1
120     2  4.8333e-5  -11                       imp:n=1
130     2  4.8333e-5  -12                       imp:n=1
c
c Doorways
c
140     2  4.8333e-5  -13                       imp:n=1
150     2  4.8333e-5  -14                       imp:n=1
160     2  4.8333e-5  -15                       imp:n=1
c
c Outside core
c
400     2  4.8333e-5   49          trcl=2  u=8  imp:n=1
c
c Fuel Pin
c
410     6  0.068525   -40                  u=5  imp:n=1
420     7  0.055323    40 -41              u=5  imp:n=1
430     8  0.10019     41                  u=5  imp:n=1
c
c 5x5 Assembly Lattice
c
440     0              42 -43  45 -46      u=6  imp:n=1
                            lat=1  fill=5
450     8  0.10019     42 -44  45 -47      u=7  imp:n=1
                            lat=1  fill=-9:10 -9:10 0:0
        7 19r
        7 19r
        7 7r              6 6 6 6              7 7r
        7 5r          6 6 6 6 6 6 6 6          7 5r
        7 3r      6 6 6 6 6 6 6 6 6 6 6 6      7 3r
        7 3r      6 6 6 6 6 6 6 6 6 6 6 6      7 3r
        7 2r    6 6 6 6 6 6 6 6 6 6 6 6 6 6    7 2r 
        7 2r    6 6 6 6 6 6 6 6 6 6 6 6 6 6    7 2r 
        7 1r  6 6 6 6 6 6 6 6 6 6 6 6 6 6 6 6  7 1r 
        7 1r  6 6 6 6 6 6 6 6 6 6 6 6 6 6 6 6  7 1r 
        7 1r  6 6 6 6 6 6 6 6 6 6 6 6 6 6 6 6  7 1r 
        7 1r  6 6 6 6 6 6 6 6 6 6 6 6 6 6 6 6  7 1r 
        7 2r    6 6 6 6 6 6 6 6 6 6 6 6 6 6    7 2r 
        7 2r    6 6 6 6 6 6 6 6 6 6 6 6 6 6    7 2r 
        7 3r      6 6 6 6 6 6 6 6 6 6 6 6      7 3r
        7 3r      6 6 6 6 6 6 6 6 6 6 6 6      7 3r
        7 5r          6 6 6 6 6 6 6 6          7 5r
        7 7r              6 6 6 6              7 7r
        7 19r
        7 19r
c
c Full Core and Tank
c
460     0             -48          trcl=2  u=8
                                   fill=7       imp:n=1
470     5 -8.88688     48 -49      trcl=2  u=8  imp:n=1
c
c Outside world
c
999     0             +99                       imp:n=0

c 
c Empty space in the rooms
c
10    rpp    -700  -100   -300   300    0  300
11    rpp     100   700   -300   300    0  300
12    rpp    -50    50    -300   300    0  300
c
c Empty space in the doorways
c
13    rpp     50    100    -300  -200    0  250
14    rpp     700   750     200   300    0  250
15    rpp    -100  -50      200   300    0  250
c
c Pin Cell and Assembly Boundaries
c
40    c/z     0.81788 0.81788 0.514858
41    c/z     0.81788 0.81788 0.602996
42    px      0.0
43    px      1.63576
44    px      8.1788
45    py      0.0
46    py      1.63576
47    py      8.1788
c
c Core tank boundaries
c
48    rcc   0 0 2  0 0 163.324  76.200
49    rcc   0 0 0  0 0 165.324  77.200
c
c Building structure
c
99    rpp   -750   750    -350   350  -50  310

c
c Translations
c
tr2 -400 0   0
c
c Materials
c  Concrete
m1     1001  0.00842
       8016  0.04423
      13027  0.00252
      14028  0.014690958
      14029  0.000718176
      14030  0.000460866
      11023  0.00105
      20040  2.84037E-03
      20042  1.89571E-05
      20043  3.95550E-06
      20044  6.11198E-05
      20046  1.17200E-07
      20048  5.47910E-06
      26054  0.000041788
      26056  0.000632003
      26057  0.000014347
      26058  0.000001862
      19039  6.43481E-04
      19040  8.07300E-08
      19041  4.64384E-05
mt1    lwtr
c  Air
m2     1001  1.7404E-10
       1002  1.3065E-14
       6000  1.11008E-08
       7014  3.8981E-05
       7015  1.3515E-07
       8016  9.1205E-06
       8017  3.4348E-09
      18036  3.0439E-10
      18038  5.3915E-11
      18040  8.0974E-08
mt2    lwtr
c  Stainless Steel
m5     6000  2.41902e-03 
      14028  1.20065e-02 
      14029  6.09940e-04 
      14030  4.02547e-04 
      15031  5.30959e-04 
      16032  3.24798e-04 
      24050  8.70375e-03 
      24052  1.67843e-01 
      24053  1.90321e-02 
      24054  4.73748e-03 
      25055  1.33012e-02 
      26054  3.99609e-02 
      26056  6.27301e-01 
      26057  1.44871e-02 
      26058  1.92797e-03 
      28058  5.88148e-02 
      28060  2.26553e-02 
      28061  9.84812e-04 
      28062  3.14001e-03 
      28064  7.99669e-04
c  Fuel
m6     5010  2.6055e-7
       8016  4.5665e-2
       8017  1.8273e-5
      92234  4.5689e-6
      92235  5.6868e-4
      92238  2.2268e-2
c  Aluminum 6061 cladding
m7    12024  4.9031e-4
      12025  6.2072e-5
      12026  6.8341e-5
      13027  5.3985e-2
      14028  2.9726e-4
      14029  1.5051e-5
      14030  9.9130e-6
      24050  2.5214e-6
      24052  4.8622e-5
      24053  5.5128e-6
      24054  1.3724e-6
      25055  4.1191e-5
      26054  1.1157e-5
      26056  1.7344e-4
      26057  3.9711e-6
      26058  5.2948e-7
      29063  4.1054e-5
      29065  1.8299e-5
c  Water with 1511 PPM
m8     1001  6.6737e-2
       8016  3.3356e-2
       8017  1.3348e-5
       5010  1.6769e-5
       5011  6.7497e-5
mt8    lwtr 
