LH sphere test, cell based WWN
1     1 -5.0  -1   #99 imp:n 1
2     1 -5.0  1 -2 #99 imp:n 1
3     1 -5.0  2 -3 #99 imp:n 1
4     1 -5.0  3 -4 #99 imp:n 1
5     1 -5.0  4 -5 #99 imp:n 1
6     1 -5.0  5 -6 #99 imp:n 1
7     1 -5.0  6 -7 #99 imp:n 1
8     1 -5.0  7 -8 #99 imp:n 1
9     1 -5.0  8 -9 #99 imp:n 1
10     1 -5.0 9 -10 #99 imp:n 1
11     1 -5.0 10 -11  #99 imp:n 1
12     1 -5.0  11 -12 #99 imp:n 1
13     1 -5.0  12 -13 #99 imp:n 1
14     1 -5.0  13 -14 #99 imp:n 1
15     1 -5.0  14 -15 #99 imp:n 1
16     1 -5.0  15 -16 #99 imp:n 1
17     1 -5.0  16 -17 #99 imp:n 1
18     1 -5.0  17 -18 #99 imp:n 1
19     1 -5.0  18 -19 #99 imp:n 1
20     1 -5.0 19 -20 #99 imp:n 1
99     0    -100 -9 imp:n 1
100    0    20   imp:n 0

1   So 10
2   So 20
3   So 30
4   So 40
5   So 50
6   So 60
7   So 70
8   So 80
9   So 90
10   So 100
11   So 110
12   So 120
13   So 130
14   So 140
15   So 150
16   So 160
17   So 170
18   So 180
19   So 190
20   So 200
100  KX 0.1 0.001   1  $vertex in X, sin of angle, +1 = +ve half

nps 5e0
prdmp 5e6 5e5 j 1 5e5
idum 8
rdum 10
fmesh4:n geom=rec origin=-200 -200 -5
        imesh 200 iints 50
        jmesh 200 jints 50
        kmesh 5 kints 1
sdef erg=14 pos=0 0 0           $vec=1 0 0 dir 1
M1  1001 0.2 26056 0.8
f14:n 1 2 3 4 5 6 7 8 9 10 11 12 13 14 15 16 17 18 19 20
f24:n 20
e24           1.00E-07 4.14E-07 5.32E-07 6.83E-07 8.76E-07 1.13E-06
              1.45E-06 1.86E-06 2.38E-06 3.06E-06 3.93E-06 5.04E-06
              6.48E-06 8.32E-06 1.07E-05 1.37E-05 1.76E-05 2.26E-05
              2.90E-05 3.73E-05 4.79E-05 6.14E-05 7.89E-05 1.01E-04
              1.30E-04 1.67E-04 2.14E-04 2.75E-04 3.54E-04 4.54E-04
              5.83E-04 7.49E-04 9.61E-04 1.23E-03 1.58E-03 2.03E-03
              2.25E-03 2.49E-03 2.61E-03 2.75E-03 3.04E-03 3.35E-03
              3.71E-03 4.31E-03 5.53E-03 7.10E-03 9.12E-03 1.06E-02
              1.17E-02 1.50E-02 1.93E-02 2.19E-02 2.36E-02 2.42E-02
              2.48E-02 2.61E-02 2.70E-02 2.85E-02 3.18E-02 3.43E-02
              4.09E-02 4.63E-02 5.25E-02 5.66E-02 6.74E-02 7.20E-02
              7.95E-02 8.25E-02 8.65E-02 9.80E-02 1.11E-01 1.17E-01
              1.23E-01 1.29E-01 1.36E-01 1.43E-01 1.50E-01 1.58E-01
              1.66E-01 1.74E-01 1.83E-01 1.93E-01 2.02E-01 2.13E-01
              2.24E-01 2.35E-01 2.47E-01 2.73E-01 2.87E-01 2.95E-01
              2.97E-01 2.99E-01 3.02E-01 3.34E-01 3.69E-01 3.88E-01
              4.08E-01 4.50E-01 4.98E-01 5.23E-01 5.50E-01 5.78E-01
              6.08E-01 6.39E-01 6.72E-01 7.07E-01 7.43E-01 7.81E-01
              8.21E-01 8.63E-01 9.07E-01 9.62E-01 1.00E+00 1.11E+00
              1.16E+00 1.22E+00 1.29E+00 1.35E+00 1.42E+00 1.50E+00
              1.57E+00 1.65E+00 1.74E+00 1.83E+00 1.92E+00 2.02E+00
              2.12E+00 2.23E+00 2.31E+00 2.35E+00 2.37E+00 2.39E+00
              2.47E+00 2.59E+00 2.73E+00 2.87E+00 3.01E+00 3.17E+00
              3.33E+00 3.68E+00 4.07E+00 4.49E+00 4.72E+00 4.97E+00
              5.22E+00 5.49E+00 5.77E+00 6.07E+00 6.38E+00 6.59E+00
              6.70E+00 7.05E+00 7.41E+00 7.79E+00 8.19E+00 8.61E+00
              9.05E+00 9.51E+00 1.00E+01 1.05E+01 1.11E+01 1.16E+01
              1.22E+01 1.25E+01 1.28E+01 1.35E+01 1.38E+01 1.42E+01
              1.46E+01 1.49E+01 1.57E+01 1.65E+01 1.69E+01 1.73E+01
              1.96E+01
print
wwp:n 5 3 5 0 0
 wwn:n
     5.00E-01
     1.13E-01
     3.50E-02
     1.14E-02
     3.78E-03
     1.26E-03
     4.25E-04
     1.45E-04
     4.93E-05
     1.67E-05
     5.72E-06
     1.97E-06
     6.81E-07
     2.34E-07
     8.07E-08
     2.79E-08
     9.69E-09
     3.40E-09
     1.20E-09
     3.65E-10
     0 0
