Full core critical assembly
c
c Outside core
c
400     0              49                       imp:n=0
c
c Fuel Pin
c
410     6  0.068525   -40                  u=5  imp:n=1
420     7  0.055323    40 -41              u=5  imp:n=1
430     8  0.10019     41                  u=5  imp:n=1
c
c 5x5 Assembly Lattice
c
440     0              42 -43  45 -46      u=6  imp:n=1
                            lat=1  fill=5
450     8  0.10019     42 -44  45 -47      u=7  imp:n=1
                            lat=1  fill=-9:10 -9:10 0:0
        7 19r
        7 19r
        7 7r              6 6 6 6              7 7r
        7 5r          6 6 6 6 6 6 6 6          7 5r
        7 3r      6 6 6 6 6 6 6 6 6 6 6 6      7 3r
        7 3r      6 6 6 6 6 6 6 6 6 6 6 6      7 3r
        7 2r    6 6 6 6 6 6 6 6 6 6 6 6 6 6    7 2r 
        7 2r    6 6 6 6 6 6 6 6 6 6 6 6 6 6    7 2r 
        7 1r  6 6 6 6 6 6 6 6 6 6 6 6 6 6 6 6  7 1r 
        7 1r  6 6 6 6 6 6 6 6 6 6 6 6 6 6 6 6  7 1r 
        7 1r  6 6 6 6 6 6 6 6 6 6 6 6 6 6 6 6  7 1r 
        7 1r  6 6 6 6 6 6 6 6 6 6 6 6 6 6 6 6  7 1r 
        7 2r    6 6 6 6 6 6 6 6 6 6 6 6 6 6    7 2r 
        7 2r    6 6 6 6 6 6 6 6 6 6 6 6 6 6    7 2r 
        7 3r      6 6 6 6 6 6 6 6 6 6 6 6      7 3r
        7 3r      6 6 6 6 6 6 6 6 6 6 6 6      7 3r
        7 5r          6 6 6 6 6 6 6 6          7 5r
        7 7r              6 6 6 6              7 7r
        7 19r
        7 19r
c
c Full Core and Tank
c
460     0             -48          fill=7       imp:n=1
470     5 -8.88688     48 -49                   imp:n=1

c
c Pin Cell and Assembly Boundaries
c
40    c/z     0.81788 0.81788 0.514858
41    c/z     0.81788 0.81788 0.602996
42    px      0.0
43    px      1.63576
44    px      8.1788
45    py      0.0
46    py      1.63576
47    py      8.1788
c
c Core tank boundaries
c
48    rcc   0 0 2  0 0 163.324  76.200
49    rcc   0 0 0  0 0 165.324  77.200

c
c  Materials
c  Stainless Steel
m5     6012  2.41902e-03 
      14028  1.20065e-02 
      14029  6.09940e-04 
      14030  4.02547e-04 
      15031  5.30959e-04 
      16032  3.24798e-04 
      24050  8.70375e-03 
      24052  1.67843e-01 
      24053  1.90321e-02 
      24054  4.73748e-03 
      25055  1.33012e-02 
      26054  3.99609e-02 
      26056  6.27301e-01 
      26057  1.44871e-02 
      26058  1.92797e-03 
      28058  5.88148e-02 
      28060  2.26553e-02 
      28061  9.84812e-04 
      28062  3.14001e-03 
      28064  7.99669e-04
mt5 fe-56.40t 
c  Fuel
m6     5010  2.6055e-7
       8016  4.5665e-2
       8017  1.8273e-5
      92234  4.5689e-6
      92235  5.6868e-4
      92238  2.2268e-2
mt6 u-o2 o2-u
c  Aluminum 6061 cladding
m7    12024  4.9031e-4
      12025  6.2072e-5
      12026  6.8341e-5
      13027  5.3985e-2
      14028  2.9726e-4
      14029  1.5051e-5
      14030  9.9130e-6
      24050  2.5214e-6
      24052  4.8622e-5
      24053  5.5128e-6
      24054  1.3724e-6
      25055  4.1191e-5
      26054  1.1157e-5
      26056  1.7344e-4
      26057  3.9711e-6
      26058  5.2948e-7
      29063  4.1054e-5
      29065  1.8299e-5
mt7 al-27.40t
c  Water with 1511 PPM
m8     1001  6.6737e-2
       8016  3.3356e-2
       8017  1.3348e-5
       5010  1.6769e-5
       5011  6.7497e-5
mt8    h-h2o.40t
