optA0:  analog square 3-segment dog-leg void in lead
c
10     101  -11.35  -2   1  31  
11     100   -2.7   -3   2  32
12     100   -2.7   -4   3  33  
13     100   -2.7   -5   4  34  
14     100   -2.7   -6   5  35  
15       0           1  -2  -31 
16       0           2  -3  -32 
17       0           3  -4  -33
18       0           4  -5  -34
19     102  -11.35   5  -6  -35 
91       0           -1
92       0           6
 
 1     py    0
 2     py   10
 3     py   70
 4     py   80
 5     py  149
 6     py  150
31     rpp   0. 10.   0.  10.  -5  5
32     rpp   0. 10.  10.  70.  -5  5
33     rpp   0. 30.  70.  80.  -5  5
34     rpp  20. 30.  80. 149.  -5  5
35     rpp  20. 30. 149. 150.  -5  5
 
mode   p
c   concrete
m100
        1001  -.010
        8016  -.529
       11023  -.016
       12000  -.002
       13027  -.034
       14000  -.337
       19000  -.013
       20000  -.044
       26000  -.014
        6012  -.001
c lead
m101   82000  -1.
m102   82000  -1.
c
sdef   x=-5.01 y=1.e-6 z=0 cel=10 wgt=1  erg=6
c
imp:p    1  9r 0 0
phys:p   100 1 1
c
f1:p  5
f4:p  19
c
cut:p  1.e20 j 0 0
c
nps  200000
print
 
