         1         1         1        16                     06/19/09 16:47:02 
         1
   2.0000       10.000       1.0000      0.10000E-02 -0.10000E-02   0.0000    
   2.0000       2.0000       1.0000      0.10000E-02   101.00       0.0000    
   101.00     -0.10000E-02   0.0000       2.0000    
   0.0000       1.0000       50.000       1.0000       1.0000       101.00    
   1.0000    
   0.0000       5.0000       50.000       1.0000       5.0000       101.00    
   1.0000    
   0.0000       1.0000       1.0000       1.0000    
   100.00    
  0.50000      0.52085      0.10058      0.22381      0.46307E-01  0.75330E-01
  0.17446E-01  0.18906E-01  0.57848E-02  0.55115E-02  0.17605E-02  0.15203E-02
  0.49796E-03  0.43956E-03  0.13629E-03  0.11977E-03  0.36670E-04  0.32166E-04
  0.97711E-05  0.92832E-05
