         1         1         1        16                     06/19/09 16:53:48 
         1
   2.0000       10.000       1.0000      0.10000E-02 -0.10000E-02   0.0000    
   2.0000       2.0000       1.0000      0.10000E-02   101.00       0.0000    
   101.00     -0.10000E-02   0.0000       2.0000    
   0.0000       1.0000       50.000       1.0000       1.0000       101.00    
   1.0000    
   0.0000       5.0000       50.000       1.0000       5.0000       101.00    
   1.0000    
   0.0000       1.0000       1.0000       1.0000    
   100.00    
  0.50000       1.4610      0.10057      0.29279      0.46901E-01  0.70534E-01
  0.17673E-01  0.22424E-01  0.58339E-02  0.61931E-02  0.17865E-02  0.16502E-02
  0.51161E-03  0.44866E-03  0.14076E-03  0.12211E-03  0.37939E-04  0.33670E-04
  0.10079E-04  0.95227E-05
