         1         1         1        10                     06/19/09 17:29:45 
         1
   2.0000       10.000       2.0000      -150.00     -0.10000E-02  -150.00    
   2.0000       2.0000       2.0000       1.0000    
  -150.00       1.0000       150.00       1.0000       1.0000       250.00    
   1.0000    
 -0.10000E-02   5.0000       50.000       1.0000       5.0000       101.00    
   1.0000    
  -150.00       1.0000       150.00       1.0000       1.0000       250.00    
   1.0000    
   100.00    
  0.50000       0.0000      0.10060       0.0000      0.46600E-01   0.0000    
  0.17564E-01   0.0000      0.58436E-02   0.0000      0.17891E-02   0.0000    
  0.51480E-03   0.0000      0.14209E-03   0.0000      0.38792E-04   0.0000    
  0.10463E-04   0.0000       0.0000       0.0000       0.0000       0.0000    
   0.0000       0.0000       0.0000       0.0000       0.0000       0.0000    
   0.0000       0.0000       0.0000       0.0000       0.0000       0.0000    
   0.0000       0.0000       0.0000       0.0000    
