         1         1         2        10                     07/15/11 13:01:11 
         0         1
   16.000       13.000       13.000      -425.00      -415.00      -65.000    
   5.0000       4.0000       4.0000       1.0000    
  -425.00       1.0000      -360.00       1.0000       1.0000      -160.00    
   1.0000       12.000      -100.00       1.0000       1.0000       100.00    
   1.0000       1.0000       165.00       1.0000    
  -415.00       1.0000      -350.00       1.0000       1.0000      -250.00    
   1.0000       10.000       50.000       1.0000       1.0000       115.00    
   1.0000    
  -65.000       1.0000       0.0000       1.0000       1.0000       150.00    
   1.0000       10.000       250.00       1.0000       1.0000       320.00    
   1.0000    
   100.00    
   0.0000       0.0000       0.0000       0.0000       0.0000       0.0000    
   0.0000       0.0000       0.0000       0.0000       0.0000       0.0000    
   0.0000       0.0000       0.0000       0.0000       0.0000      0.27601E-02
   0.0000       0.0000       0.0000       0.0000       0.0000       0.0000    
   0.0000       0.0000       0.0000       0.0000       0.0000       0.0000    
  0.70530E+06   0.0000       0.0000      0.13637       0.0000       0.0000    
   0.0000       0.0000       0.0000       0.0000       0.0000       0.0000    
   0.0000       0.0000       0.0000       0.0000      0.28223E+09   0.0000    
   0.0000      0.25498E-02   0.0000       0.0000       0.0000       0.0000    
   0.0000       0.0000       0.0000       0.0000       0.0000       0.0000    
   0.0000       0.0000       195.40       0.0000       0.0000      0.50227E-03
   0.0000       0.0000       0.0000       0.0000       0.0000       0.0000    
   0.0000       0.0000       0.0000       0.0000      0.41680E+34  0.66121E+34
   254.98       0.0000       0.0000      0.26064E-03   469.40       0.0000    
   0.0000       0.0000       0.0000       0.0000       13.831      0.45352    
  0.76156       0.0000       0.0000      0.25065E+34   125.01       0.0000    
   0.0000      0.95903E-03   1018.7       0.0000       0.0000       0.0000    
   0.0000      0.77209E+34   0.0000       0.0000      0.45198E+27  0.79699E+27
   87.392       133.02       796.90       0.0000       0.0000      0.10258E-03
   661.65       0.0000      0.13638E+27  0.30411E+27  0.40150E+35  0.79009E+35
  0.14795E-01   0.0000       0.0000      0.48959E+26  0.88114E+26  0.75661E+27
   8.9631       0.0000      0.43756E-04  0.17383E-03  0.13715E-02  0.81707E-03
  0.69553E-03  0.10905E-02   0.0000      0.13897      0.35597      0.57351    
   1.4445       2.2840       2.8756       3.9573       626.96       273.66    
  0.14158E-04  0.27982E-04  0.20422E-04  0.86619E-04  0.16315E-03  0.33168E-03
   0.0000       0.0000      0.74731E+23  0.16645E+24  0.65893E+31  0.18294E+29
  0.19073E+16  0.53699E+14   101.25       3712.7      0.77199E-04  0.33033E-04
  0.85921E-04  0.28049E-03  0.91002E+25  0.16696E-02  0.30232E-02  0.52235E-02
  0.67636E+27  0.58776E+28  0.71465E-01  0.11776      0.16966      0.23884    
   15.769       2744.2      0.18296E-05  0.23659E-03  0.27390E-02   0.0000    
  0.19035E-01  0.25048E-01  0.35753E-01  0.95217E-01   1.1685      0.14658E+24
  0.25996E+24  0.46411E+24  0.28666E+32   8350.5       38.712       2141.8    
  0.16224E-02  0.33210E-02   0.0000       0.0000       0.0000       0.0000    
   0.0000       0.0000       0.0000       0.0000       0.0000       0.0000    
   0.0000       0.0000       51714.       36625.       0.0000      0.56398E-01
   0.0000       0.0000       0.0000       0.0000       0.0000       0.0000    
   0.0000       0.0000       0.0000       0.0000       0.0000       0.0000    
   26082.      0.61615E+22   0.0000      0.98329E-02  0.60600E-02  0.12876    
   0.0000       0.0000       2.2985       5.0327       0.0000       12.566    
   28.110       0.0000       0.0000      0.10102E+06   45552.      0.74069E+15
   0.0000      0.11301E-02  0.10551E-02  0.14031E-01  0.25472E-01  0.59342E-01
  0.15347      0.30038       2.9901       2.4284       3.8974       7.9380    
   17.094       33.650       243.63      0.15621E+15   0.0000      0.69469E-03
  0.35588E-03  0.96089E-03  0.44157E-02  0.37143E-02  0.10335E-01  0.18913E-01
  0.56353E-01  0.15865      0.56956       1.1646       2.6980       5.0780    
   33.949      0.76822E+15   0.0000      0.94270E-03  0.31461E-02  0.29516E-02
  0.78827E-02  0.11383E-01  0.31493E-01  0.45389E-01  0.58337E-01  0.10854    
  0.20441      0.38249      0.79883       2.0152       10.592      0.87679E+14
  0.22005E+69  0.19827E-03  0.19214E-03  0.23635E-03  0.53157E-03  0.12839E-02
  0.33706E-02  0.59616E-02  0.23402E-01  0.40604E-01  0.46887E-01  0.88389E-01
  0.16320      0.29232       2.0796      0.14623E+14  0.46087E+19  0.61950E-04
  0.67708E-04  0.15359E-03  0.38807E-03  0.95641E-03  0.14859E-02  0.35533E-02
  0.98407E-02  0.16615E-01  0.35898E-01  0.66798E-01  0.11920      0.18267    
   1.0059       400.93      0.89809E+19  0.43802E-04  0.87748E-04  0.19024E-03
  0.43199E-03  0.81047E-03  0.18038E-02  0.40261E-02  0.81722E-02  0.16721E-01
  0.29895E-01  0.76548E-01  0.16783      0.19697      0.78059       11251.    
  0.18983E-04  0.21890E-04  0.36750E-04  0.97949E-04  0.20001E-03  0.33593E-03
  0.10298E-02  0.26123E-02  0.52350E-02  0.11201E-01  0.19388E-01  0.39497E-01
  0.64907E-01  0.10518      0.58872       214.70      0.15341E-05  0.69262E-05
  0.85143E-05  0.17086E-04  0.40578E-04  0.84999E-04  0.18421E-03  0.38171E-03
  0.78573E-03  0.15283E-02  0.29817E-02  0.51155E-02  0.90882E-02  0.14258E-01
  0.16506       3.1533      0.66360E-06  0.45536E-05  0.95780E-05  0.20646E-04
  0.63875E-04  0.11275E-03  0.27419E-03  0.59592E-03  0.14718E-02  0.28921E-02
  0.52571E-02  0.81887E-02  0.14746E-01  0.23435E-01  0.98122E-01  0.50035    
  0.68623E-05  0.12884E-04  0.31113E-04  0.60655E-04  0.11119E-03  0.26451E-03
  0.60929E-03  0.13211E-02  0.25912E-02  0.46074E-02  0.86042E-02  0.15489E-01
  0.27128E-01  0.44217E-01  0.48916       73.103      0.13391E-04  0.47368E-04
  0.99748E-03  0.22360E-02  0.44583E-02  0.56415E+11  0.15940E-01  0.40502E-01
  0.70607E-01   15.007       26.921       155.21       155.02       189.73    
   15.156       297.03       0.0000      0.13778E-01   0.0000       0.0000    
   0.0000       0.0000       0.0000       0.0000       0.0000       0.0000    
   0.0000       0.0000       0.0000       0.0000      0.75680E+24   0.0000    
   0.0000      0.44151E-02   234.91       0.0000       0.0000       0.0000    
   0.0000       0.0000      0.52267       1.0939       0.0000       0.0000    
  0.31718E+20  0.42440E+14   21497.      0.18433E+20   0.0000      0.26387E-03
  0.42766E-03   0.0000       0.0000       0.0000       0.0000      0.10662    
  0.10687      0.41781       0.0000       0.0000      0.20663E+36  0.10290E+33
  0.11081E+06   0.0000       0.0000      0.85933E-02  0.20990E-02   0.0000    
   0.0000       0.0000       0.0000       0.0000       0.0000       0.0000    
  0.13111E+33  0.22753E+33  0.40944E+33  0.83508E+33  0.47902E+14   0.0000    
   0.0000      0.78514E-01  0.11603E-01  0.23803E-01  0.29843E+24  0.53428E+24
  0.18812E+25   0.0000      0.31653E-01  0.90248E-01  0.12908      0.23893    
  0.46137      0.79347       3.6344      0.30143E+17   0.0000      0.11402E-03
  0.34199E-04  0.54853E-04  0.71144E-04  0.11318E-03  0.10937E-02  0.48766E-02
  0.93359E-02  0.45480E-02  0.77317E-02  0.21477E-01  0.41652E-01  0.80023E-01
   1.2247       0.0000       0.0000      0.75560E-04  0.73948E-04  0.34849E-03
  0.23300E-02  0.90738E-02  0.67237E-02  0.99318E-02  0.23924E-01  0.39422E-01
  0.77050E-01  0.15266       1.8770       2.6420       1.8109      0.42032E+49
   0.0000      0.10653E-03  0.15678E-03  0.36808E-03  0.69952E-03  0.42409E-03
  0.12169E-02  0.17836E-02  0.79064E-02  0.53932E-01  0.22579      0.27397    
  0.47071      0.75765       4.2124      0.82721E+15  0.12819E-03  0.33888E-04
  0.77762E-04  0.35240E-03  0.56284E-03  0.10027E-02  0.19762E-02  0.54249E-02
  0.48848E-02  0.11155E-01  0.19736E-01  0.44909E-01  0.12179      0.58126E-01
   1.3040       283.98      0.71062E-05  0.37400E-04  0.14723E-03  0.65196E-03
  0.13021E-02  0.58005E-03  0.10928E-02  0.30737E-02  0.27229E-02  0.78157E-02
  0.14204E-01  0.24317E-01  0.45758E-01  0.34288E-01  0.73829       206.79    
  0.34405E-04  0.56602E-05  0.37151E-04  0.12149E-03  0.35834E-03  0.67453E-03
  0.24008E-02  0.40433E-02  0.20958E-01  0.80420E-01  0.16377E-01  0.19907E-01
  0.59230E-01  0.92637E-01  0.21581       234.09      0.67626E-05  0.76627E-05
  0.13141E-04  0.21081E-04  0.35652E-03  0.66079E-03  0.14408E-02  0.19746E-02
  0.24845E-02  0.48553E-02  0.85663E-02  0.67777E-01  0.14811      0.24490    
  0.36354       28.123      0.38127E-05  0.11035E-03  0.30155E-02   1.9877    
   0.0000       0.0000       0.0000       0.0000       0.0000      0.65315E+09
  0.20973E+06  0.18470E+10   0.0000       4.5395       2.5353       24.220    
   0.0000      0.73007E-01   0.0000       0.0000       0.0000       0.0000    
   0.0000       0.0000       0.0000       0.0000       0.0000       0.0000    
   0.0000       0.0000      0.72307E+24   0.0000       0.0000      0.46226E-02
   0.0000       0.0000      0.47739E-02  0.13248E-01   0.0000       0.0000    
   0.0000       0.0000       0.0000       0.0000       0.0000       19663.    
   21577.      0.14916E+80   0.0000      0.28371E-03  0.19376E-04  0.78455E-03
  0.11709E-02  0.34813E-02  0.22492E-01  0.20645E-01  0.11116      0.13719E+36
  0.21831E+36  0.48821E+36  0.95448E+34  0.24091E+35  0.86490E+06  0.27100E+14
   0.0000      0.78578E-02   4.2536       6.3268       0.0000       0.0000    
  0.54171E-01  0.96288E-01  0.23741      0.31166      0.73667      0.64059E+36
  0.17772E+29  0.22420       3.6817       0.0000       0.0000      0.18844E-01
  0.16914E-02  0.38292E-02  0.59638E-02   0.0000       0.0000      0.48660E+29
  0.53137E+25  0.14045E+33  0.99814       1.4418       2.8032       5.4119    
   4.9186       0.0000       0.0000      0.22330E-03  0.60712E-04  0.85095E-04
  0.19931E-03  0.19811E-01  0.54563E-01  0.65401      0.54838E-02  0.12099E-01
  0.22913E-01  0.50168E-01  0.84054E-01  0.15917       1549.4       28475.    
   0.0000      0.17356E-03  0.66619E-02  0.80961E-02  0.13832E-01  0.81101    
  0.48271      0.80496E-01  0.21420      0.40338      0.99612      0.62283E-01
  0.12596      0.98910E-01   2.1801      0.20016E+09   0.0000      0.85664E-04
  0.46992E-04  0.88748E-04  0.35499E-03  0.25877E-02  0.19742E-02  0.26300E-02
  0.98483E-02  0.15811E-01  0.31769E-01  0.57883E-01  0.10348       1.4247    
   4.9519      0.30866E+09  0.36844E-03  0.41381E-04  0.55273E-03  0.15794E-02
  0.37622E-02  0.59027E-02  0.18011E-01  0.69259E-01  0.28534      0.40920    
  0.97574      0.15872      0.85269E-01  0.13822       1.3777       314.37    
  0.87915E-05  0.83293E-04  0.94964E-04  0.16259E-03  0.39726E-03  0.77619E-03
  0.23210E-02  0.82028E-03  0.16080E-02  0.35824E-02  0.76029E-02  0.13930E-01
  0.25884E-01  0.50167E-01   1.8629       198.18      0.44611E-04  0.64678E-05
  0.16566E-02   1.3010       1.6129      0.26392E-02  0.40315E-02  0.74103E-02
  0.92484E-02  0.16853E-01  0.16294E-02  0.27446E-02  0.46415E-02  0.67876E-02
  0.21571       219.32      0.11827E-04  0.71376E-05  0.36381E-04  0.26827E-04
  0.43523E-04  0.13763E-03  0.28746E-03  0.68997E-03  0.12853E-01  0.40504E-01
  0.69652E-02  0.13551E-01  0.26110E-01  0.30363E-01  0.33734       43.350    
  0.14592E-03  0.21784E-03  0.21787E-01   0.0000       3.6353       3.3455    
   0.0000       2471.7       0.0000       0.0000       96859.      0.16740E+06
  0.23017E+06  0.41266E+06   12.280       80.004       0.0000       137.93    
   0.0000       0.0000       0.0000       0.0000       0.0000       0.0000    
   0.0000       0.0000       0.0000       0.0000       0.0000      0.10456E+18
  0.97094E+13   0.0000       0.0000      0.41485E-02   1.7050       0.0000    
   0.0000       0.0000       0.0000       0.0000       0.0000       0.0000    
   0.0000       0.0000       0.0000      0.70102E+23   24133.      0.25408E+18
   0.0000      0.12683      0.24199E-04  0.72055E-04  0.10009E-03  0.24633E-03
  0.86794E-03  0.24123E-02  0.14730E+35  0.34200E+35  0.85600E+35  0.34847E+32
   1256.1       2563.3       12252.      0.13470E+15   0.0000      0.60049E-02
  0.71020E-03  0.25448E-02  0.58815E-02  0.10418E-01  0.17838E-01  0.21311E-02
  0.59836E-02  0.17379E-01  0.37374E-01  0.97974E-01  0.15052      0.25762    
   42554.      0.12259E+15   0.0000      0.11825E-01  0.56462      0.22171E-02
   0.0000       0.0000       0.0000      0.24706E+25  0.17423E+26  0.48288E+30
   0.0000       0.0000      0.86050E+27  0.17596E+28   1269.2      0.84871E+25
   0.0000      0.92223E-03  0.39841E-04  0.23861E-03  0.20848E-03  0.45567E-03
  0.91737E-03  0.11999E-02  0.31012E-02  0.13821E-01  0.32285E+22  0.65757E+22
  0.39412E+27   35.304       479.54      0.12588E+81   0.0000      0.17313E-03
  0.87053E-04  0.20883E-01  0.33163E-01  0.71342E-01   4.4863      0.84176E+20
  0.18464E+20  0.20750E-01  0.32096E-01  0.58975E-01   8.4836       11.905    
   529.87      0.20381E+09   0.0000      0.26945E-03  0.19968      0.33874E-03
  0.88925E-03  0.51887E-02  0.61481E-01  0.20000E-01  0.19286E-01  0.44935E-01
  0.11948      0.15916       1.3645       10.359       2.4025      0.50247E+10
  0.21328E-03  0.42758E-04  0.15814E-04  0.60152E-04  0.70644E-04  0.22020E-03
  0.63069E-01  0.15738      0.24410      0.70789      0.68719      0.20056    
   1.6295      0.37759       2.3218       373.96      0.81698E-05  0.10651E-03
  0.15671E-03  0.23611E-02  0.24523E-02  0.18159E-03  0.53879E-03  0.13086E-02
  0.37227E-01  0.70130E-01   3.2226       11.064      0.56503      0.82013    
   1.8390       163.97      0.68729E-04  0.95241E-05  0.39117E-05  0.58972E-03
  0.59945E-03  0.43188E-04  0.63750E-04  0.21792E-03  0.30337E-03  0.58523E-03
  0.13402E-02  0.12472      0.21032      0.16933      0.78512       222.69    
  0.16019E-04  0.87225E-05  0.90221E-04  0.57467E-03  0.19652E-03  0.53037E-03
  0.96288E-03  0.62128E-03  0.10923E-02  0.21970E-02  0.54345E-02  0.25041E-01
  0.44753E-01  0.97623E-01  0.42168       58.023      0.21566E-03  0.13839E-03
  0.22968E-03  0.24497E-03  0.71662E-02  0.11662E+10  0.34657E-01   0.0000    
   0.0000      0.42354E+07  0.19426E+08  0.13312E+08  0.48927E+09   859.70    
   4.4242       93.911       0.0000      0.10320E-01   0.0000       0.0000    
   0.0000       0.0000       0.0000       0.0000       0.0000       0.0000    
   0.0000       0.0000       0.0000       0.0000      0.96212E+13   0.0000    
   0.0000      0.45904E-02   0.0000       0.0000       0.0000       0.0000    
   0.0000       0.0000       0.0000       0.0000      0.10069E+37  0.21687E+37
   0.0000      0.70048E+23  0.11971E+06  0.18827E+23   0.0000      0.14203    
   0.0000       0.0000       0.0000       0.0000       0.0000       22.075    
   46.007       97.965       269.96       513.69       1339.4      0.49167E+37
   20167.      0.20237E+29   0.0000      0.63513E-01   85.894       0.0000    
   0.0000      0.31127E+31  0.78979E+31   0.0000       0.0000       0.0000    
   0.0000       0.0000      0.16479E+30  0.30846E+30   976.14       0.0000    
   0.0000      0.23651E-02  0.42927       0.0000       0.0000       0.0000    
   0.0000       0.0000       0.0000       0.0000      0.27331E+28   3934.8    
   10693.       20447.       1257.4      0.90662E+11   0.0000      0.11756E-02
   7234.3      0.22484E-03  0.44384E-03  0.68866E-03  0.20781E-02   0.0000    
   0.0000      0.18914E+21  0.39028E+21  0.77508E+21  0.14884E+22  0.86291E+21
   1260.9      0.97341E+11   0.0000      0.24318E-03  0.92923E-04  0.59629E-03
  0.16597E-02  0.16152E-02  0.23592E-02  0.49978E-02  0.12649E-01  0.56112    
   6.1716       11.561       23.959       47.287       1573.1      0.21808E+35
   0.0000      0.16607E-03  0.51495E-03  0.13270E-02  0.48657E-01  0.95716E-01
  0.24437      0.38699E-01   19.008      0.73837       1.3307       2.3715    
   6.0209       9.8332       1.9096      0.86026E+26  0.10453E-03  0.89980E-04
  0.12880E-03  0.13605E-02  0.32596E-02  0.86205E-02  0.72483E-01  0.13871E-01
  0.20520E-01  0.29499E-01  0.51538E-01  0.12877      0.25466      0.47358    
   5.3412       376.16      0.95702E-05  0.77720E-04  0.51217E-04  0.14780E-03
  0.65107E-03  0.14879E-02  0.92988E-02  0.11551E-01  0.34322E-01  0.65803E-01
  0.11163      0.21244      0.15687      0.33552       1.9282       147.25    
  0.73331E-04  0.30927E-04  0.27554E-05  0.54736E-05  0.44675E-03  0.21442E-02
  0.45133E-02  0.11739E-01  0.19728E-01  0.30465E-01  0.53071E-01  0.79640E-01
  0.19116      0.28411       1.1082       236.04      0.69590E-05  0.98330E-05
  0.10805E-04  0.30859E-04  0.88766E-04  0.12033E-03  0.10895E-02  0.26068E-02
  0.65240E-02  0.11255E-01  0.22271E-01  0.56335E-01  0.39442E-01  0.55964E-01
  0.37602       54.892      0.25741E-03  0.12000E-03  0.18365E-01  0.14650    
   3.5245       642.38       344.53       3194.6       1295.5       14.778    
   27.709       38.797       65.185      0.24162E+08   5.5464       159.77    
   0.0000      0.84559E+06   0.0000       0.0000       0.0000       0.0000    
   0.0000       0.0000       0.0000       0.0000       0.0000       0.0000    
   0.0000       0.0000      0.12955E+23   0.0000       0.0000      0.43495E-02
   0.0000       0.0000       0.0000       0.0000       0.0000       0.0000    
   0.0000       0.0000       0.0000       0.0000      0.32245E+23  0.69867E+23
  0.12053E+06  0.20712E+23   0.0000      0.35826E-01  0.21242      0.40092    
  0.58477       2.3108       6.7596       17.545       0.0000       0.0000    
   0.0000       0.0000       0.0000       0.0000       20146.      0.21033E+16
   0.0000      0.34844E-02   69.231       0.0000       0.0000       0.0000    
   0.0000       0.0000       0.0000      0.58530E+30  0.12651E+31  0.30182E+31
  0.62578E+31  0.59452E+34   971.58       0.0000       0.0000      0.22748E-02
  0.54711      0.12944E+35   0.0000       0.0000       0.0000       202.94    
   629.71       1086.1       2232.7       4028.0      0.71855E+31  0.12832E+32
  0.42571E+15   0.0000       0.0000      0.11190E-02  0.42010E-04  0.88959E-04
  0.13587E+35  0.31706E+35   3.7687      0.33069E+36  0.25928E+36   5.0359    
   9.8759       29.861       43.060       65.551       1278.3      0.44970E+13
   0.0000      0.29116E-03  0.19911E-02  0.86471      0.11487      0.14280    
  0.28660      0.54882      0.77188E-02  0.22050E-01  0.50018E-01  0.10991    
  0.18593      0.34201       4.4126       541.11      0.10004E-03  0.10344E-03
  0.17666E-01  0.11099E-02  0.82508E-02  0.10699E-01  0.18249E-01  0.30020E-01
  0.73313E-01  0.14169      0.33970      0.89264E-01  0.14119      0.27674    
   1.6584      0.52083E+11  0.71823E-05  0.12684E-03  0.79712E-04  0.59098E-03
  0.79013E-03  0.19251E-02  0.41665E-02  0.68423E-02  0.58919E-02  0.13924E-01
  0.29663E-01  0.67775       6.5809       14.556       8.9061       115.04    
  0.97739E-05  0.76168E-04  0.10189E-03  0.38407E-03  0.38571E-03  0.39803E-03
  0.18544E-02  0.32107E-02  0.58777E-02  0.29174E-01  0.21930E-01  0.28708E-01
  0.53934E-01  0.12101       2.1747       141.71      0.73507E-04  0.35620E-04
  0.73423E-04  0.22421E-03  0.45550E-03  0.16130E-02  0.52968E-02  0.14526E-01
  0.11032      0.79747E-01  0.34440E-01  0.86340E-01  0.19795      0.37918    
   1.4286       200.13      0.58080E-05  0.20452E-04  0.26916E-04  0.50840E-04
  0.96364E-04  0.77608E-04  0.19385E-03  0.50958E-03  0.93465E-03  0.13952E-02
  0.23248E-02  0.26085E-02  0.40084E-02  0.58193E-02  0.17636       54.435    
  0.38226E-05  0.10489E-03  0.73026       1.6480       1.6457       3.4573    
   37.960       6582.8       13505.       17054.       6.4869      0.32085E+08
  0.47702E+14  0.10791E+15   2.4424       23.043       0.0000      0.10289E+07
   0.0000       0.0000       0.0000       0.0000       0.0000       0.0000    
   0.0000       0.0000       0.0000       0.0000       0.0000       0.0000    
   0.0000       0.0000       0.0000      0.41053E-02   0.0000       0.0000    
   0.0000       0.0000       0.0000       0.0000       0.0000       0.0000    
   0.0000       0.0000       0.0000      0.31984E+23  0.12038E+06  0.40102E+17
   0.0000      0.34426E-01   0.0000       0.0000       0.0000       0.0000    
   0.0000       0.0000       0.0000       0.0000       0.0000       0.0000    
   0.0000       49.986       777.49       0.0000       0.0000      0.34576E-02
  0.57041       2.8923       7.9105       31.099       50.295      0.11203E+30
  0.35929E+30  0.13804E+31  0.10132E+34  0.16554E+34  0.32244E+34  0.22718E+14
   996.65       0.0000       0.0000      0.91431E-02  0.19865       0.0000    
  0.10860      0.20866      0.31523      0.45772       0.0000       0.0000    
  0.10182E+28  0.15166E+28  0.68772E+27  0.12449E+28  0.77770E+12   0.0000    
   0.0000      0.18238E-01  0.19838E+10   0.0000       0.0000       1.7816    
   2.9954       1.4571       2.6206       4.5271      0.80185E+31  0.25470E+32
  0.46760E+32  0.64973E+18  0.14732E+06   0.0000       0.0000      0.24492E-03
   40.850       0.0000      0.63126       1.5441      0.13289E-02  0.30974E-02
  0.10429E-01   0.0000      0.29269E+32  0.15676E+21  0.28444E+21  0.44296    
   3.6027       0.0000       0.0000      0.12914E-03  0.16863E-03  0.44863E-03
  0.68154E-03  0.22652E-02  0.38508E-02  0.11475E-01  0.89828E-02  0.18367E-01
  0.23942E-01  0.50800E-01  0.17842      0.27939       3.1641      0.63688E+13
  0.36369E-05  0.19583E-03  0.54933E-02  0.15353E-02  0.10953E-02  0.86711E-01
  0.15594      0.33865       216.25       1.7583       1.2099      0.46510    
  0.93343       1.7407       9.9392       87.232      0.44325E-04  0.12401E-03
  0.11499E-02  0.46131E-01  0.48427E-01  0.59894E-02  0.11941E-01  0.55676E-02
  0.12297E-01  0.26514E-01  0.25444      0.50670       1.6976      0.46393    
   4.2397       240.60      0.10166E-04  0.49110E-04  0.61143E-04  0.69790E-03
  0.10780E-02  0.30006E-02  0.18676E-02  0.38698E-02  0.91419E-02  0.22031E-01
  0.98174E-01   2.8283      0.32047E-01  0.52924E-01   1.5805       181.33    
  0.72698E-05  0.53143E-04  0.74419E-04  0.13525E-03  0.20236E-03  0.20716E-03
  0.27435E-03  0.40290E-03  0.96381E-03  0.13053E-02  0.23628E-02  0.35470E-02
  0.84418E-02  0.22028E-01  0.96510       122.26      0.33487E-05  0.11250E-03
  0.49389E-03  0.11597E-02  0.29007      0.30111       2.6533       37.700    
   21.070       61.142       180.26       264.89       2.9630       3.5378    
   4.3725       743.62       0.0000      0.14411E+11   0.0000       0.0000    
   0.0000       0.0000       0.0000       0.0000       0.0000       0.0000    
   0.0000       0.0000       0.0000       0.0000      0.66329E+19   0.0000    
   0.0000      0.41275E-02   0.0000       0.0000       0.0000       0.0000    
   0.0000       0.0000       0.0000       0.0000       0.0000       0.0000    
   0.0000      0.11459E+18  0.11833E+06  0.50653E+18   0.0000      0.25716E-02
   0.0000      0.10027E-01  0.14570E-01  0.49050E-01  0.13577      0.44516    
   1.1046       1.3207       3.8490       10.505       22.872       41.955    
  0.23030E+15   0.0000       0.0000      0.35660E-02  0.98998E-02  0.24669E-01
   0.0000       0.0000      0.43548E+29  0.12174E+30   0.0000      0.28610E+26
  0.43902E+26  0.11888E+27  0.22101E+27  0.39520E+27   26455.       0.0000    
   0.0000      0.68945E-02  0.69675E-02  0.14092E-01  0.40323E-01   0.0000    
  0.26276E+25  0.45361E+25  0.81400E+25  0.24809E+26  0.13301E+27  0.41801E+27
  0.84630E+27  0.92538E+25   25234.       0.0000       0.0000      0.13736E-02
  0.35058       0.0000       0.0000      0.23420E+34  0.43629E+34  0.22631E+31
  0.43742E+30  0.11869E+31  0.14877E+32  0.10850E+25  0.34938E+18  0.65025E+18
   16870.       0.0000       0.0000      0.12998E-03  0.10761E-03  0.13857E-03
  0.26775E-03  0.35553E-03  0.25247E-02  0.46760E-02  0.14011E-01  0.30939E-01
  0.58608E-01  0.14627      0.24499      0.41701       5.6578       59999.    
   0.0000      0.15875E-03  0.96170E-04  0.39503E-03  0.11335E-02  0.10689E-02
  0.27672E-02  0.82197E-02  0.18314E-01  0.36162E-01  0.69614E-01  0.80667    
  0.43172      0.92175       20.984      0.12783E+06  0.36491E-05  0.15840E-03
  0.19503E-03  0.36840E-03  0.70326E-03  0.61470E-02  0.71121E-02  0.10703E-01
  0.23520E-01  0.50912E-01   2.0291      0.65381E+12  0.73658       1.1416    
   12.489       64.745      0.45862E-04  0.84716E-04  0.37284E-04  0.23662E-03
  0.82945E-03  0.16175E-02  0.29219E-02  0.70825E-02  0.75705E-01  0.32048E-01
  0.65909E-01  0.15262      0.12866      0.28154       6.9679       245.29    
  0.10556E-04  0.54070E-04  0.81209E-04  0.27903E-03  0.32758E-03  0.75576E-03
  0.35786E-02  0.12073E-02  0.28658E-02  0.53102E-02  0.94911E-02  0.13807E-01
  0.28403E-01  0.76965       15.831       162.97      0.15587E-03  0.86687E-04
  0.92832E-04  0.24415E-03  0.40979E-03  0.61424E-03  0.10105E-02  0.20209E-02
  0.42752E-02  0.11283E-01  0.31582E-01  0.15296      0.66282      0.17894    
   3.1565       123.20      0.13035E-02  0.34584E-03  0.11402E-02  0.56452E-02
  0.11430      0.30461      0.73467       8.0222       2459.9       3503.6    
   3094.6       1.3466       1.9993       80.963       11.668       43.489    
   0.0000      0.56832       0.0000       0.0000       0.0000       0.0000    
   0.0000       0.0000       0.0000       0.0000       0.0000       0.0000    
   0.0000       0.0000      0.96365E+23   0.0000       0.0000      0.38654E-02
  0.43711E-02   0.0000       0.0000       0.0000       0.0000       0.0000    
   0.0000       0.0000       0.0000       0.0000       0.0000       0.0000    
  0.11437E+06  0.45478E+18   0.0000      0.19356E-02   0.0000       0.0000    
   0.0000       0.0000       0.0000       0.0000       0.0000      0.13926E+29
  0.42953E+29   0.0000       0.0000       0.0000       78259.       0.0000    
   0.0000      0.46928E-01  0.97322E+08   0.0000       0.0000       0.0000    
   0.0000       0.0000      0.43668E+33  0.22931E+29   0.0000       0.0000    
  0.40757E+29  0.82720E+29   97710.      0.14526E+38   0.0000      0.68171E-02
   0.0000      0.49186E+25  0.43130E+24  0.74078E+24  0.25727E+25   0.0000    
  0.60506E+33  0.12153E+27  0.20696E+27  0.85682E+29  0.25558E+25  0.47577E+25
   24855.      0.33752E+14   0.0000      0.13913E-02  0.87469E-04   0.0000    
  0.95667E-02  0.18665E-01  0.10865      0.15760      0.20660      0.52914    
   1.1617      0.14822E+23  0.27486E+23  0.50146E+24   13798.      0.11306E+11
   8.9668      0.16125E-03  0.23010E-03  0.37796E-03  0.29181E-03  0.48795E-03
  0.15341E-01  0.18146E-01  0.37534E-01  0.68418E-01  0.13424      0.27509    
   5.0472      0.24257       5.3301      0.38791E+22   0.0000      0.12543E-03
  0.42941E-04  0.17375E-03  0.31956E-03  0.98772E-02  0.13548E-01  0.44063E-01
  0.20188      0.38616      0.76979      0.27903      0.52383       5.5936    
   135.04       93966.      0.38656E-05  0.12537E-03  0.28308E-01  0.26521E-02
  0.41476E-01  0.86789       0.0000      0.39150E+12  0.48920E-01  0.52345E-01
  0.73510E-01  0.12489      0.24870      0.68075       18.261       62.654    
  0.91825E-05  0.11718E-03  0.43982E-04  0.70615E-04  0.50053E-03  0.11744E-02
  0.17650E-02  0.37737E-02  0.57074E-02  0.14343E-01  0.91119E-01  0.17347    
  0.30858       12.155       10.331       354.10      0.12565E-04  0.52662E-04
  0.17041E-04  0.27895E-04  0.22787E-02  0.18901E-03  0.38982E-03  0.78245E-03
  0.16502E-01  0.78078E-01  0.13417      0.26342      0.65178       1.7456    
   37.639       174.76      0.10097E-03  0.80223E-04  0.13598E-03  0.42581E-04
  0.90446E-04  0.23142E-03  0.67266E-02  0.75714E-01  0.52421E-01  0.43045E-01
  0.18156E-01  0.36677E-01  0.73722E-01  0.13104       8.8018       297.79    
  0.45264E-04  0.11526E-02  0.23648E-01  0.29074E-01  0.63301E-01  0.16331    
   1.5972       6805.6       1940.8       1927.8       3648.8       6692.6    
   78.426       95.957       77.887       101.07       0.0000       0.0000    
   0.0000       0.0000       0.0000       0.0000       0.0000       0.0000    
   0.0000       0.0000       0.0000       0.0000       0.0000       0.0000    
  0.22159E+22   0.0000       0.0000      0.35714E-02   0.0000       0.0000    
   0.0000       0.0000       0.0000       0.0000       0.0000       0.0000    
   0.0000       0.0000       0.0000      0.32034E+37  0.10923E+06   0.0000    
   0.0000      0.19421E-02   598.84       0.0000       0.0000       0.0000    
   0.0000       0.0000       0.0000       0.0000       0.0000       0.0000    
   0.0000       0.0000       75407.       0.0000       0.0000      0.29007E-01
   0.0000       0.0000       0.0000       0.0000       0.0000       0.0000    
   0.0000      0.12525E+29  0.15765E+29  0.21736E+30   0.0000       0.0000    
  0.10709E+07  0.92029E+61   0.0000      0.64262E-02   17575.       0.0000    
   0.0000      0.48694E+25  0.98098E+25  0.21051E+26  0.33177E+26  0.24687E+24
  0.45128E+24  0.23487E+22  0.48408E+22  0.67122E+22   27980.      0.27511E+13
   0.0000      0.21611E-01  0.27494E-04  0.53227E-04  0.89740E-04  0.12107E-02
  0.17414E-02  0.36133E-02  0.94602E-02  0.17716E-01  0.32364E-01  0.14083E+21
  0.28474E+21  0.53543E+21   9789.5      0.83588E+13   11.997      0.41118E-03
   0.0000      0.61966E-02  0.34779E-01  0.46351E-01   811.26       1766.7    
  0.64491       1.3843      0.42226E-01  0.68885E-01  0.14819      0.24804    
   280.07      0.34442E+38  0.67368E+15  0.10990E-03  0.10329E-02  0.10969E-02
   0.0000      0.16908E-02  0.49572E-02  0.15931E-01   1.7192      0.25798E+19
  0.31571E+28  0.24543E+14  0.54933E+14  0.57330E+12   296.37      0.17176E+53
  0.38505E-05  0.12077E-03  0.20260E-01   0.0000       0.0000      0.14006E-01
  0.42708E-01  0.17641E-01  0.39482E-01  0.53119      0.83034E+10  0.17634E+11
  0.15673E+11  0.57572       88.842       57.257      0.71258E-05  0.15971E-03
  0.32047E-03  0.12391E-03  0.57105E-03  0.13896E-02  0.30592E-02  0.10973E-01
  0.20582E-01  0.44335E-01  0.96096E-01  0.19478      0.36207      0.70208    
   9.8123       337.00      0.39258E-03  0.10933E-03  0.11277E-04  0.22776E-04
  0.41260E-02  0.11519E-01  0.62793E-02  0.28229E-02  0.55122E-02  0.93204E-01
  0.21917      0.40297      0.82840       1.4019       35.618       162.42    
  0.22179E-03  0.71573E-04  0.28748E-03  0.76713E-03  0.25704E-02  0.26689E-02
  0.29525E-02  0.72174E-02  0.45341E-02  0.82017E-02  0.18936E-01  0.17858    
   2.5961       8.2524       19.891       286.65      0.62370E-04  0.26013E-03
  0.88942E-03  0.84611E-01   3.2281       189.30       9.0055      0.58386    
   1.1180      0.35324E+09  0.19830E+07  0.15193E+06   174.96       156.36    
   205.93       308.63       0.0000      0.11574E+09   0.0000       0.0000    
   0.0000       0.0000       0.0000       0.0000       0.0000       0.0000    
   0.0000       0.0000       0.0000       0.0000       13396.       0.0000    
   0.0000      0.33468E-02   0.0000       0.0000       0.0000       0.0000    
   0.0000       0.0000       0.0000       0.0000       0.0000       0.0000    
   0.0000      0.30704E+37  0.10391E+06  0.10380E+17   0.0000      0.15763E-01
  0.71668E-01   0.0000       0.0000       0.0000       0.0000       0.0000    
   0.0000       0.0000       0.0000      0.98264E+33  0.23602E+34  0.26577E+31
  0.47452E+12   0.0000       0.0000      0.25689E-01  0.12272       0.0000    
   0.0000       0.0000       0.0000       0.0000       0.0000       0.0000    
   0.0000      0.49310E+31   0.0000      0.62569E+34  0.61477E+12  0.72561E+16
   0.0000      0.35439E-02   0.0000      0.21948E+47  0.60475E+47   0.0000    
   0.0000       0.0000       0.0000      0.28615E+33  0.93701E+33  0.61271E+31
  0.12087E+32  0.24466E+32  0.44406E+06  0.88736E+13   0.0000      0.21510E-01
  0.12139E-02   0.0000      0.11914E+48  0.40486E+48  0.12720E+25  0.34780E+25
  0.57446E-02  0.13501E-01  0.34073E+23  0.58239E+23  0.35299E+23  0.48723E+23
   7268.3      0.68585E+13   0.0000      0.39778E-03  0.28648E-02  0.60285E-02
   0.0000       0.0000       0.0000       0.0000      0.36386E+21  0.65421E+21
  0.10763E+22   3.3965       8.2717       15.181       254.54      0.22804E+53
  0.37376E+15  0.10011E-03  0.12168E-03  0.42193E-03  0.13363E-02  0.57694E-02
   0.0000      0.40085E+18  0.14066E+19  0.42573E+13  0.10561E+14  0.26756E+14
  0.93959E+14  0.52756E+12   826.36      0.86891E+14  0.22381E-03  0.12494E-03
  0.67909E-03  0.12961E-02  0.67625E-02  0.15119E-01  0.11685      0.21812    
  0.54718E+10  0.84468E+10  0.45973E+10  0.56559E+11  0.78357E+11  0.14165E+16
   133.32       162.64      0.32394E-04  0.20174E-03  0.28520E-02  0.28488E-02
  0.62408E-02  0.20710E-01  0.45308E-02  0.95008E-02  0.25518E-01  0.67875E-01
   1.9493       5.8112      0.67124      0.99451       21.772       289.76    
  0.41466E-03  0.87485E-04  0.34170E-04  0.85171E-04  0.19345E-03  0.69616E-03
  0.12652E-02  0.25096E-02   8448.8       15951.       39580.       70903.    
  0.29707E+07  0.11780E+07   259.03       143.48      0.78003E-03  0.74838E-04
  0.20675E-03  0.37893E-03  0.12378E-02  0.83376E-02  0.41040E-02  0.10557E-01
  0.40466      0.64763       1.9248       28093.       5904.8       1513.5    
   19.447       275.30      0.23874E-02  0.19239E-04  0.34333E-01  0.96025E-02
  0.15104E-01  0.14790      0.24005      0.29141      0.22301E+08  0.28449E+08
  0.38307E+08   0.0000       14427.      0.16960E+06   78.641       119.15    
   0.0000       0.0000       0.0000       0.0000       0.0000       0.0000    
   0.0000       0.0000       0.0000       0.0000       0.0000       0.0000    
   0.0000       0.0000       5341.0       0.0000       0.0000      0.29723E-02
   0.0000       0.0000       0.0000       0.0000       0.0000       0.0000    
   0.0000       0.0000       0.0000       0.0000       0.0000       0.0000    
   90851.       0.0000       0.0000      0.18332E-01   0.0000       0.0000    
   0.0000       0.0000       0.0000       0.0000       0.0000       0.0000    
   0.0000       0.0000       0.0000       0.0000      0.35131E+12   0.0000    
   0.0000      0.33574E-01   0.0000       0.0000       0.0000       0.0000    
   0.0000       0.0000       0.0000       0.0000      0.23638E+31  0.49086E+31
   0.0000       0.0000      0.47617E+16   0.0000       0.0000      0.54171E-02
  0.13757E+47  0.19238E+47   0.0000       0.0000       0.0000       0.0000    
   0.0000       0.0000       0.0000       0.0000       0.0000       0.0000    
  0.35005E+06   0.0000       0.0000      0.20811E-01   0.0000       0.0000    
   0.0000       0.0000       0.0000       0.0000       0.0000       0.0000    
  0.49240E+24  0.87333E+24  0.25253E+23  0.31011E+21   5994.4       0.0000    
   0.0000      0.32139E-03   0.0000       0.0000       0.0000       0.0000    
   0.0000       0.0000      0.21394E+29  0.27625E+29   0.0000       0.0000    
  0.63688E+28  0.10110E+18   1110.7      0.98127E+52   0.0000      0.18979E-03
  0.11440E-01  0.40096E-01   0.0000       0.0000       0.0000       0.0000    
   0.0000       0.0000      0.42456E+20  0.31117E+14  0.49465E+14  0.21956E+15
   1171.8      0.96750E+52  0.17343E-02  0.28211E-03   0.0000       0.0000    
   0.0000       0.0000       0.0000      0.25149E+10  0.48330E+10   0.0000    
  0.67596E+20  0.45244E+16  0.19688E+14  0.28066E+14   133.90       884.77    
  0.84830E-03  0.38239E-03  0.99167E-02   0.0000       0.0000      0.47655E+11
  0.83179E+11  0.84841E+09  0.44862E+12  0.73954E-01  0.12282      0.21431    
  0.35059      0.17346E+08   124.24       306.58      0.50786E-03  0.14120E-03
  0.11083E-03  0.43216E-03   0.0000       0.0000      0.33660E+11  0.23066E+08
  0.55396E+07  0.27381E+07  0.60398E+07  0.46445E+06  0.79539E+06  0.10986E+07
   225.38       134.45      0.42413E-03  0.68958E-04  0.17324E-02   37.653    
  0.49880E-01  0.56108E-01  0.80644E+07  0.15473E+06  0.10198E+06   12541.    
   22724.       38327.      0.19909E+07  0.15118E+07   18.263       385.57    
  0.87699E-04  0.14571E-02  0.64466E-01  0.11601E-01   0.0000       0.0000    
   0.0000       0.0000       0.0000       0.0000       0.0000      0.31518E+07
  0.33644E+08  0.94413E+08   1364.3      0.42008E+20
