         1         1         2        10                     07/15/11 13:11:20 
         0         1
   16.000       13.000       13.000      -425.00      -415.00      -65.000    
   5.0000       4.0000       4.0000       1.0000    
  -425.00       1.0000      -360.00       1.0000       1.0000      -160.00    
   1.0000       12.000      -100.00       1.0000       1.0000       100.00    
   1.0000       1.0000       165.00       1.0000    
  -415.00       1.0000      -350.00       1.0000       1.0000      -250.00    
   1.0000       10.000       50.000       1.0000       1.0000       115.00    
   1.0000    
  -65.000       1.0000       0.0000       1.0000       1.0000       150.00    
   1.0000       10.000       250.00       1.0000       1.0000       320.00    
   1.0000    
   100.00    
   0.0000       0.0000       0.0000       0.0000       0.0000       0.0000    
   0.0000       0.0000       0.0000       0.0000       0.0000       0.0000    
   0.0000       0.0000       0.0000       0.0000       0.0000       0.0000    
   0.0000       0.0000       0.0000       0.0000       0.0000       0.0000    
   0.0000       0.0000       0.0000       0.0000       0.0000       0.0000    
   0.0000       0.0000       0.0000      0.10858E-01   0.0000       0.0000    
   0.0000       0.0000       0.0000       0.0000       0.0000       0.0000    
   0.0000       0.0000       0.0000       0.0000      0.20146E+18   0.0000    
   0.0000      0.28307E-01   0.0000       0.0000       0.0000       0.0000    
   0.0000       0.0000       0.0000       0.0000       0.0000       0.0000    
   0.0000       0.0000       0.0000       0.0000       0.0000      0.24011E-02
   0.0000       0.0000       0.0000       0.0000       0.0000       0.0000    
   0.0000       0.0000       0.0000       0.0000       0.0000       0.0000    
   0.0000       0.0000       0.0000      0.32607E-03  0.23043E-03   0.0000    
  0.30722E-02  0.40943E-02   0.0000       0.0000       0.0000       0.0000    
   0.0000       0.0000       0.0000       0.0000       37.741       0.0000    
   0.0000      0.11938E-02   0.0000       0.0000      0.10124E-01  0.17536E-01
  0.28362E-01  0.45846       1.0042       2.7719       0.0000       0.0000    
   0.0000      0.99936E+26  0.67059E+28   0.0000       0.0000      0.11663E-03
  0.55872E-02  0.58817E-02  0.24065E-01   0.0000      0.88060E-03  0.14800E-02
  0.30848E-02  0.38530      0.68429       1.8160       4.2832       0.0000    
   210.68       0.0000      0.46879E-04  0.82954E-04  0.29942E-01  0.60532E-01
  0.38680E-03  0.48572E-03  0.27306E-02  0.58825E-02  0.11221E-01  0.34317E-01
  0.34183      0.38746      0.66732       2.6249       13.089       0.0000    
  0.22256E-04  0.45650E-04  0.58287E-03  0.85869E-03  0.17762E-02  0.20422E-02
  0.39227E-02  0.94431E-02  0.20585E-01  0.29778E-01  0.52919E-01  0.12197    
  0.29286      0.43046       21.577       20491.      0.21312E-04  0.73431E-04
  0.31978E-03  0.62042E-03  0.11703E-02  0.21215E-02  0.34036E-02  0.10505E-01
  0.22178E-01  0.23003E-01  0.45605E-01  0.11878       1.4317       2.7485    
   27.302       16524.      0.34217E-04  0.94099E-04  0.24855E-01  0.49973E-02
  0.33760E-02  0.57889E-02  0.18799E-01  0.24801E-01  0.46697E-01  0.14716    
  0.21657      0.38643       1.8799      0.15099E+30   1519.0       72469.    
  0.38594E-03  0.40187E-03   0.0000       0.0000       0.0000       0.0000    
  0.17279      0.18334      0.53882      0.85954       0.0000       0.0000    
   0.0000       0.0000       0.0000       0.0000       0.0000      0.12119E-01
   0.0000       0.0000       0.0000       0.0000       0.0000       0.0000    
   0.0000       0.0000       0.0000       0.0000       0.0000       0.0000    
   0.0000       0.0000       0.0000      0.91908E-02  0.21933E-02  0.85660E-02
  0.29942E-01  0.64441E-01  0.26458      0.56600       2.1835       0.0000    
   0.0000       0.0000       0.0000       0.0000       0.0000       0.0000    
   0.0000      0.87577E-02  0.18891E-01  0.39312E-01  0.99403E-01  0.28870    
  0.45398E-01  0.76165E-01  0.20204      0.52531      0.75290       1.6008    
   5.2325       6.2398       52.127       0.0000       0.0000      0.29017E-03
  0.16705E-03  0.26136E-03  0.69590E-03  0.14090E-02  0.32776E-02  0.68785E-02
  0.86233E-01  0.17123      0.34406       2.1908       4.2463       12.821    
   40.200       0.0000       0.0000      0.23423E-03  0.30579E-03  0.69252E-03
  0.15727E-02  0.35381E-02  0.96478E-02  0.69297E-02  0.14974E-01  0.33534E-01
  0.59638E-01  0.12005      0.20062      0.32294       2.8152       0.0000    
   0.0000      0.12951E-03  0.10578E-03  0.22066E-03  0.49510E-03  0.11014E-02
  0.16519E-02  0.35716E-02  0.68406E-02  0.21976E-01  0.45603E-01  0.89982E-01
  0.15416      0.33030       1.4543       0.0000      0.14028E-02  0.58539E-04
  0.54632E-04  0.11896E-03  0.26933E-03  0.57875E-03  0.12807E-02  0.33445E-02
  0.54552E-02  0.11391E-01  0.23191E-01  0.46008E-01  0.82161E-01  0.14111    
  0.72694       0.0000      0.25828E-01  0.29667E-04  0.41032E-04  0.87724E-04
  0.19126E-03  0.40657E-03  0.93023E-03  0.20122E-02  0.39463E-02  0.83249E-02
  0.16985E-01  0.37280E-01  0.65006E-01  0.12624      0.51301       0.0000    
  0.11607E-04  0.15657E-04  0.28525E-04  0.63045E-04  0.13783E-03  0.27741E-03
  0.58147E-03  0.11759E-02  0.23277E-02  0.46114E-02  0.86890E-02  0.16121E-01
  0.28588E-01  0.48212E-01  0.31953       173.73      0.20141E-05  0.86633E-05
  0.20019E-04  0.43106E-04  0.92515E-04  0.19646E-03  0.41618E-03  0.85051E-03
  0.17046E-02  0.33222E-02  0.62312E-02  0.10928E-01  0.18256E-01  0.29174E-01
  0.21028       2.1856      0.84717E-06  0.47491E-05  0.12397E-04  0.26884E-04
  0.58286E-04  0.12404E-03  0.26204E-03  0.54360E-03  0.10848E-02  0.21436E-02
  0.40302E-02  0.71705E-02  0.12028E-01  0.18969E-01  0.98284E-01  0.50035    
  0.51055E-05  0.13452E-04  0.18650E-04  0.40548E-04  0.87485E-04  0.18432E-03
  0.38990E-03  0.78752E-03  0.15980E-02  0.31750E-02  0.59033E-02  0.10807E-01
  0.18608E-01  0.31171E-01  0.37401       91.632      0.17208E-04  0.48935E-04
  0.11837E-03  0.23632E-03  0.55743E-03  0.67654E-03  0.22032E-02  0.44793E-02
  0.16490E-01  0.30202E-01  0.62775E-01  0.10380      0.53934       1.7149    
   5.4201       654.41       0.0000       0.0000       0.0000       0.0000    
   0.0000       0.0000       0.0000       0.0000       0.0000       0.0000    
   0.0000       0.0000       0.0000       0.0000       0.0000       0.0000    
   0.0000      0.98445E-02   0.0000       0.0000       0.0000       0.0000    
   0.0000       0.0000       0.0000       0.0000       0.0000       0.0000    
   0.0000       0.0000       0.0000       0.0000       0.0000      0.47883E-02
   0.0000       0.0000       0.0000       0.0000       0.0000       0.0000    
   0.0000       0.0000       0.0000       0.0000       0.0000       0.0000    
   0.0000       0.0000       0.0000      0.16717E-01  0.16358E-02  0.21805E-02
   0.0000       0.0000      0.34189E-01  0.89492E-01  0.10781      0.13480    
   0.0000       0.0000       7.7156       0.0000       0.0000       0.0000    
   0.0000      0.24763E-02  0.41915E-03  0.69683E-03  0.18057E-02  0.35786E-02
  0.10300E-01  0.30833E-01   0.0000      0.13525      0.24806      0.60971    
  0.81701       1.9209      0.62727       0.0000       0.0000      0.15355E-02
  0.10213E-02  0.33859E-02  0.82576E-02  0.11650E-01  0.20466E-01  0.16893E-01
  0.25551E-01  0.16807      0.32753      0.63204       1.5372       1.9114    
  0.76680       0.0000       0.0000      0.18634E-03  0.19762E-03  0.64886E-03
  0.19037E-02  0.12769E-02  0.22315E-02  0.42529E-02  0.72860E-02  0.17673E-01
  0.11127      0.10170      0.21188      0.31380       3.6298       0.0000    
   0.0000      0.37311E-04  0.32055E-04  0.80030E-04  0.18732E-03  0.41693E-03
  0.15222E-02  0.27744E-02  0.72852E-02  0.80603E-02  0.19625E-01  0.28738E-01
  0.68561E-01  0.13801       1.0595       0.0000      0.29472E-04  0.31904E-04
  0.35695E-04  0.75816E-04  0.20252E-03  0.42195E-03  0.70995E-03  0.12595E-02
  0.26035E-02  0.47280E-02  0.98353E-02  0.16733E-01  0.31212E-01  0.40087E-01
  0.59629       10081.      0.30270E-04  0.26145E-04  0.44028E-04  0.10221E-03
  0.18951E-03  0.45823E-03  0.91998E-03  0.17865E-02  0.46095E-02  0.85948E-02
  0.16348E-01  0.27091E-01  0.39635E-01  0.71622E-01  0.70674       199.75    
  0.23552E-04  0.87528E-05  0.34427E-04  0.78351E-04  0.14750E-03  0.30277E-03
  0.68756E-03  0.13317E-02  0.28076E-02  0.68256E-02  0.12269E-01  0.19228E-01
  0.35093E-01  0.69813E-01  0.20522       25.741      0.19315E-04  0.13535E-04
  0.35971E-04  0.76112E-04  0.16811E-03  0.42424E-03  0.77205E-03  0.17946E-02
  0.36033E-02  0.88414E-02  0.92584E-02  0.16609E-01  0.44547E-01  0.93326E-01
  0.40568       23.474      0.41555E-04  0.75623E-04   0.0000      0.87256E-02
   0.0000       0.0000      0.35614E-02  0.89305E-02  0.10966E-01   13.045    
   0.0000       0.0000       0.0000       0.0000       16.602       512.11    
   0.0000       0.0000       0.0000       0.0000       0.0000       0.0000    
   0.0000       0.0000       0.0000       0.0000       0.0000       0.0000    
   0.0000       0.0000       0.0000       0.0000       0.0000      0.10128E-01
   0.0000       0.0000       0.0000       0.0000       0.0000       0.0000    
   0.0000       0.0000       0.0000       0.0000       0.0000       0.0000    
   0.0000       0.0000       0.0000      0.31964E-02  0.14911E-03   0.0000    
   0.0000       0.0000       0.0000       0.0000       0.0000       0.0000    
   0.0000       0.0000       0.0000       0.0000       0.0000       0.0000    
   0.0000      0.16353E-01   0.0000      0.18110E-02  0.15611E-01  0.74544E-02
  0.35796E-01   0.0000       0.0000       0.0000       0.0000       0.0000    
   0.0000       3.3571      0.53187       0.0000       0.0000      0.90041E-02
  0.84373E-03  0.13729E-02  0.32237E-02   0.0000       0.0000       0.0000    
   0.0000       0.0000       0.0000       2.3409       4.5518       0.0000    
  0.66671       0.0000       0.0000      0.28315E-03  0.15159E-03  0.31317E-03
  0.61563E-03  0.10945E-02  0.23117E-02  0.57408E-02  0.22623E-01   1.1776    
   2.3088       4.8220       4.6454       7.2164       173.28       0.0000    
   0.0000      0.63778E-04  0.14753E-03  0.85403E-03  0.55010E-02  0.82249E-02
  0.15458E-01  0.27641E-01  0.72285E-01  0.11347      0.27528      0.45060    
   1.0415       2.1770       3.5594       0.0000       0.0000      0.40666E-04
  0.80744E-04  0.16899E-03  0.44975E-03  0.89311E-03  0.18388E-02  0.37603E-02
  0.11497E-01  0.21748E-01  0.55973E-01  0.10331      0.28218      0.38418    
   1.2062       0.0000      0.38926E-04  0.53470E-04  0.46514E-04  0.10451E-03
  0.17449E-03  0.40889E-03  0.84926E-03  0.14997E-02  0.40854E-02  0.79704E-02
  0.18106E-01  0.38722E-01  0.55650E-01  0.73693E-01   1.2643       3373.4    
  0.38572E-04  0.30566E-04  0.60345E-04  0.16008E-03  0.32304E-03  0.73525E-03
  0.11129E-02  0.24112E-02  0.56578E-02  0.91149E-02  0.19370E-01  0.33605E-01
  0.60490E-01  0.13928      0.77262       161.49      0.34378E-04  0.11478E-04
  0.44492E-04  0.12599E-03  0.20839E-03  0.57470E-03  0.12695E-02  0.29864E-02
  0.35947E-02  0.68982E-02  0.57086E-02  0.10859E-01  0.19250E-01  0.29029E-01
  0.25103       92.120      0.21798E-04  0.11713E-04  0.35166E-04  0.87900E-04
  0.23795E-03  0.53927E-03  0.11367E-02  0.22264E-02  0.43086E-02  0.89825E-02
  0.16274E-01  0.29988E-01  0.40119E-01  0.49085E-01  0.23394       45.562    
  0.12888E-03  0.11922E-03  0.55726E-01   243.00      0.33403E-02  0.27611E-02
   0.0000       0.0000      0.79475E-01   0.0000       0.0000       0.0000    
   0.0000       0.0000       4.3274       558.00       0.0000       0.0000    
   0.0000       0.0000       0.0000       0.0000       0.0000       0.0000    
   0.0000       0.0000       0.0000       0.0000       0.0000       0.0000    
   0.0000       0.0000       0.0000      0.10585E-01   0.0000       0.0000    
   0.0000       0.0000       0.0000       0.0000       0.0000       0.0000    
   0.0000       0.0000       0.0000       0.0000       0.0000       0.0000    
   0.0000      0.12402E-01  0.55377E-03  0.36356E-03  0.42092E-03  0.19616E-02
  0.97840E-02  0.54631E-01   0.0000       0.0000       0.0000       0.0000    
   0.0000       0.0000       0.0000       0.0000       0.0000      0.17597E-01
   0.0000       0.0000       0.0000       0.0000       0.0000      0.17683E-01
  0.11345      0.31654      0.52025       1.1708       1.8047       3.2625    
  0.52813       0.0000       0.0000      0.74846E-02  0.91251E-03  0.13691E-02
  0.47588E-02  0.20622E-01  0.92781E-01  0.14495      0.24523      0.56851    
   1.3561       2.2816       0.0000       0.0000       0.0000       0.0000    
   0.0000      0.23482E-03  0.18036E-03  0.30635E-03  0.55100E-03  0.52876E-02
  0.17957E-01  0.46555E-01  0.18353E-01  0.39366E-01  0.83785E-01  0.18539    
  0.29010      0.47644       8.5688       0.0000       0.0000      0.75280E-04
  0.18950E-03  0.33135E-03  0.11490E-02  0.19943E-02  0.52716E-02  0.16665E-01
  0.24541E-01  0.24071E-01  0.44139E-01  0.56322E-01  0.17322      0.27495    
   3.4466       0.0000       0.0000      0.58753E-04  0.42501E-04  0.25717E-03
  0.54776E-03  0.12261E-02  0.42901E-02  0.60549E-02  0.14328E-01  0.29465E-01
  0.10153      0.94704E-01  0.14811      0.22770       1.5289       0.0000    
  0.47018E-04  0.83876E-04  0.50345E-04  0.11643E-03  0.20367E-03  0.64771E-03
  0.12191E-02  0.26196E-02  0.57508E-02  0.16272E-01  0.28236E-01  0.50690E-01
  0.82134E-01  0.14344       2.2257       74.672      0.46395E-04  0.32080E-04
  0.51111E-04  0.11117E-03  0.22518E-03  0.69871E-03  0.18499E-02  0.32428E-02
  0.58418E-02  0.13785E-01  0.24296E-01  0.42366E-01  0.82348E-01  0.79472E-01
  0.71231       133.67      0.44151E-04  0.16480E-04  0.20210E-04  0.44403E-04
  0.91596E-04  0.18822E-03  0.40636E-03  0.85369E-03  0.18660E-02  0.36465E-02
  0.72851E-02  0.44056E-01  0.50168E-01  0.77863E-01  0.66407       83.501    
  0.23802E-04  0.10920E-04  0.49817E-04  0.74876E-04  0.14557E-03  0.37018E-03
  0.70087E-03  0.13514E-02  0.33747E-02  0.60012E-02  0.12453E-01  0.22112E-01
  0.32173E-01  0.56378E-01  0.23372       52.721      0.31106E-04  0.18070E-03
  0.10067E-01  0.21069E-02  0.42395E-02  0.66807E-02  0.45566E-01  0.11852    
   0.0000       0.0000       0.0000       0.0000       0.0000      0.17888    
   1.3090       560.56       0.0000       0.0000       0.0000       0.0000    
   0.0000       0.0000       0.0000       0.0000       0.0000       0.0000    
   0.0000       0.0000       0.0000       0.0000       0.0000       0.0000    
   0.0000      0.94931E-02   0.0000       0.0000       0.0000       0.0000    
   0.0000       0.0000       0.0000       0.0000       0.0000       0.0000    
   0.0000       0.0000       0.0000       0.0000       0.0000       0.0000    
   0.0000       0.0000      0.18241E-04  0.38486E-04  0.85270E-04  0.25824E-03
  0.65171E-03  0.42755E-02  0.95501E-02  0.13254E-01  0.30848E-01  0.27853E-01
  0.41515       0.0000       0.0000      0.19703E-01   0.0000       0.0000    
   0.0000       0.0000       0.0000       0.0000       0.0000       0.0000    
   0.0000       0.0000       0.0000       0.0000      0.51445       0.0000    
   0.0000      0.99024E-02   0.0000      0.80075E-02  0.15468E-01  0.10969E-01
  0.70091E-01   0.0000       0.0000       0.0000       0.0000       0.0000    
   0.0000       0.0000       0.0000       0.0000       0.0000      0.23986E-03
  0.94988E-04  0.22351E-03  0.40760E-03  0.37707E-02  0.18983E-01  0.19876E-01
  0.35978E-01  0.60834E-01  0.10634      0.27796      0.40912       18.300    
   80.438       0.0000       0.0000      0.75347E-04  0.14824E-03  0.17812E-03
  0.18061E-03  0.29755E-03  0.57323E-03  0.10961E-02  0.24417E-02  0.68387E-02
  0.14224E-01  0.28322E-01  0.48121E-01  0.29013       6.3641       0.0000    
   0.0000      0.89242E-04  0.47015E-04  0.12426E-03  0.17641E-03  0.10158E-02
  0.31382E-02  0.17800E-01  0.34288E-01  0.25382E-01  0.56575E-01  0.11930    
  0.68557E-01  0.84641E-01   1.5491       0.0000      0.51041E-04  0.10278E-03
  0.95797E-04  0.23142E-03  0.62110E-03  0.10366E-02  0.21560E-02  0.39997E-02
  0.14047E-01  0.25747E-01  0.39303E-01  0.70684E-01  0.11567      0.17597    
   3.6479       78.096      0.58478E-04  0.37349E-04  0.82661E-04  0.28527E-03
  0.49061E-03  0.55573E-03  0.11249E-02  0.21984E-02  0.49408E-02  0.12014E-01
  0.15939E-01  0.26713E-01  0.45395E-01  0.61080E-01  0.77252       973.33    
  0.66988E-04  0.33963E-04  0.24134E-04  0.53739E-04  0.67208E-03  0.83940E-03
  0.25136E-02  0.48244E-02  0.68622E-02  0.16182E-01  0.30888E-01  0.69122E-01
  0.14382      0.17061       1.2194       796.52      0.25599E-04  0.12086E-04
  0.29485E-04  0.91817E-04  0.21921E-03  0.37237E-03  0.71662E-03  0.18390E-02
  0.38685E-02  0.83071E-02  0.15640E-01  0.86206E-02  0.85637E-02  0.11881E-01
  0.23533       46.466      0.71257E-04  0.67393E-04   0.0000       0.0000    
   0.0000       0.0000       0.0000      0.17605       0.0000       0.0000    
   0.0000       0.0000       0.0000       0.0000       1.6001       357.20    
   0.0000       0.0000       0.0000       0.0000       0.0000       0.0000    
   0.0000       0.0000       0.0000       0.0000       0.0000       0.0000    
   0.0000       0.0000       0.0000       0.0000       0.0000      0.98749E-02
   0.0000       0.0000       0.0000       0.0000       0.0000       0.0000    
   0.0000       0.0000       0.0000       0.0000       0.0000       0.0000    
   0.0000       0.0000       0.0000      0.42970E-04  0.53562E-05  0.79981E-05
  0.86211E-05   0.0000       0.0000       0.0000       0.0000       0.0000    
   0.0000       0.0000       0.0000       0.0000       0.0000       0.0000    
   0.0000      0.20067E-01   0.0000       0.0000       0.0000       0.0000    
   0.0000       0.0000       0.0000       0.0000       0.0000       0.0000    
   0.0000       0.0000       0.0000       0.0000       0.0000      0.52444E-02
  0.20958E-02  0.45223E-02   0.0000       0.0000       0.0000       0.0000    
   0.0000       0.0000       0.0000       0.0000       0.0000       0.0000    
   0.0000       0.0000       0.0000      0.34314E-03  0.34402E-03  0.62311E-03
   0.0000       0.0000       0.0000      0.21947E-01  0.52400E-01  0.84923E-01
  0.17727      0.48526      0.72082       1.1091       18.991       0.0000    
   0.0000      0.42924E-04  0.53053E-04  0.10289E-03  0.46540E-03  0.14346E-02
  0.32451E-02  0.69843E-02  0.44412      0.28783E-01  0.63059E-01  0.11195    
  0.34094      0.64923       29.521       0.0000       0.0000      0.88398E-04
  0.13879E-03  0.45758E-03  0.21899E-02  0.39836E-02  0.86580E-02  0.48971E-01
  0.49428E-01  0.78258E-01  0.15931      0.30294      0.50472      0.62190    
   7.3162       0.0000      0.54002E-04  0.13049E-03  0.12053E-03  0.19785E-03
  0.40866E-03  0.78037E-03  0.27509E-02  0.58534E-02  0.13505E-01  0.47907E-01
  0.83719E-01  0.39471       1.8808      0.95190       6.8325       51.628    
  0.79087E-04  0.41433E-04  0.64698E-04  0.16851E-03  0.41432E-03  0.12216E-02
  0.25947E-02  0.50884E-02  0.72160E-02  0.12926E-01  0.23214E-01  0.77005E-01
  0.11612      0.16848      0.69224       848.40      0.75438E-04  0.50565E-04
  0.13925E-03  0.17279E-03  0.38663E-03  0.83714E-03  0.18586E-02  0.50623E-02
  0.97979E-02  0.17122E-01  0.12518E-01  0.23059E-01  0.38894E-01  0.68892E-01
   1.4065       702.78      0.26333E-04  0.16627E-04  0.27723E-04  0.66048E-04
  0.14982E-03  0.25154E-03  0.30671E-03  0.41188E-03  0.74272E-03  0.98678E-03
  0.16387E-02  0.22906E-02  0.37206E-02  0.63358E-02  0.19944       45.383    
  0.51342E-04  0.48819E-04   0.0000      0.17742E-02   0.0000       0.0000    
  0.12949      0.38078      0.37359      0.60400       0.0000       0.0000    
   0.0000       0.0000       5.5162       3136.0       0.0000       0.0000    
   0.0000       0.0000       0.0000       0.0000       0.0000       0.0000    
   0.0000       0.0000       0.0000       0.0000       0.0000       0.0000    
   0.0000       0.0000       0.0000      0.99537E-02   0.0000       0.0000    
   0.0000       0.0000       0.0000       0.0000       0.0000       0.0000    
   0.0000       0.0000       0.0000       0.0000       0.0000       0.0000    
   0.0000      0.42712E-04   0.0000       0.0000       0.0000       0.0000    
   0.0000       0.0000       0.0000       0.0000       0.0000       0.0000    
   0.0000       0.0000       0.0000       0.0000       0.0000       0.0000    
   0.0000       0.0000       0.0000       0.0000       0.0000       0.0000    
   0.0000       0.0000       0.0000       0.0000       0.0000       0.0000    
   0.0000       0.0000       0.0000      0.11712E-01  0.21041E-02   0.0000    
   0.0000       0.0000       0.0000       0.0000       0.0000       0.0000    
   0.0000       0.0000       0.0000       0.0000       0.0000       0.0000    
   0.0000      0.60507E-04  0.67586E-02   0.0000       0.0000       0.0000    
   0.0000       0.0000       0.0000       0.0000       0.0000       0.0000    
   0.0000       0.0000       138.49       0.0000       0.0000      0.45593E-04
  0.25454E-03  0.18910E-03  0.30415E-03  0.57904E-03  0.15954E-02  0.32420E-02
  0.64845E-02  0.23790E-01  0.85086      0.84654E+28   0.0000       0.0000    
  0.13072E+15   0.0000       0.0000      0.37818E-03  0.15229E-03  0.65680E-03
  0.14957E-02  0.29190E-02  0.53858E-02  0.72712E-02  0.13093E-01  0.28327E-01
  0.68258E-01  0.13544      0.23877      0.37292       10.714       0.0000    
  0.50328E-04  0.14080E-03  0.13507E-02  0.27971E-02  0.56139E-02  0.95239E-02
  0.29619E-01  0.38754E-01  0.29272E-01  0.49131E-01  0.10642      0.26014    
  0.70417      0.83669       8.8478       427.75      0.88591E-04  0.36978E-04
  0.11614E-03  0.19962E-03  0.45714E-03  0.85020E-03  0.14383E-02  0.35371E-02
  0.53014E-02  0.10170E-01  0.26332E-01  0.44697E-01  0.72668E-01  0.26768E-01
  0.76194       418.12      0.80282E-04  0.55178E-04  0.66907E-04  0.11015E-03
  0.27383E-03  0.52488E-03  0.83830E-03  0.19643E-02  0.37642E-02  0.76417E-02
  0.10949E-01  0.40888E-01  0.74318E-01  0.14390       3.5207       1647.9    
  0.31482E-04  0.36215E-04  0.40390E-04  0.73501E-04  0.10719E-03  0.15157E-03
  0.20946E-03  0.36070E-03  0.68742E-03  0.11588E-02  0.22275E-02  0.37140E-02
  0.74614E-02  0.17940E-01  0.74812       43.928      0.77664E-04  0.34818E-03
   0.0000      0.20360E-02  0.13730E-02   0.0000       0.0000       0.0000    
   14.139      0.23387E-01  0.87434E-01   1.9016       2.5233      0.18535    
   1.7159       2351.1       0.0000       0.0000       0.0000       0.0000    
   0.0000       0.0000       0.0000       0.0000       0.0000       0.0000    
   0.0000       0.0000       0.0000       0.0000       0.0000       0.0000    
   0.0000      0.87505E-02   0.0000       0.0000       0.0000       0.0000    
   0.0000       0.0000       0.0000       0.0000       0.0000       0.0000    
   0.0000       0.0000       0.0000       0.0000       0.0000      0.42985E-04
   0.0000       0.0000       0.0000       0.0000       0.0000       0.0000    
   0.0000       0.0000       0.0000       0.0000       0.0000       0.0000    
   0.0000       0.0000       0.0000      0.52391E-04  0.66514E-03  0.51578E-03
   0.0000       0.0000       0.0000       0.0000       0.0000       0.0000    
   0.0000       0.0000       0.0000       0.0000       0.0000       0.0000    
   0.0000      0.39779E-03  0.23430E-02   0.0000       0.0000       0.0000    
   0.0000       0.0000       0.0000       0.0000      0.60668       1.1556    
   2.0580       4.4128       103.09       0.0000       0.0000      0.58505E-04
  0.28469E-02   0.0000       0.0000       0.0000       0.0000       0.0000    
   0.0000       0.0000       0.0000       0.0000       0.0000       0.0000    
   136.69       0.0000       0.0000      0.84855E-04   0.0000       0.0000    
   0.0000       0.0000      0.21809E-02  0.56832E-02  0.15092      0.30187    
   0.0000       0.0000       0.0000       0.0000      0.95103E+10   0.0000    
   0.0000      0.18992E-03  0.54211E-03  0.15162E-02  0.83666E-02  0.21790E-01
  0.25566E-01  0.25258E-01  0.54906E-01  0.78300E-01  0.13401      0.27435    
  0.38326      0.24483       10.681       0.0000      0.96859E-04  0.78095E-04
  0.15922E-03  0.18128E-03  0.58732E-03  0.99603E-02  0.93828E-02  0.23252E-01
  0.48067E-01  0.20060       2.4492       5.0028       3.5241      0.16413    
   4.2140       301.16      0.11633E-03  0.39120E-04  0.62883E-04  0.11535E-03
  0.33115E-03  0.80091E-03  0.16802E-02  0.28637E-02  0.49544E-02  0.36121E-02
  0.69150E-02  0.13676E-01  0.25623E-01  0.32036E-01   2.3788       389.34    
  0.88223E-04  0.91843E-04  0.15262E-03  0.30142E-03  0.22552E-03  0.45983E-03
  0.27022E-02  0.80508E-02  0.20345E-01  0.39026E-01  0.62790E-01  0.27799    
  0.49472      0.89030       8.6930       438.22      0.40641E-04  0.65919E-04
  0.64691E-04  0.13180E-03  0.24156E-03  0.48725E-03  0.74685E-03  0.15075E-02
  0.30758E-02  0.11196E-01  0.31494E-01  0.10439      0.13290      0.20358    
   2.3268       37.520      0.76787E-02  0.78066E-04   0.0000       0.0000    
   0.0000       0.0000       0.0000       0.0000      0.12660      0.13209E-01
   0.0000       0.0000       0.0000       0.0000       1.1547       1720.3    
   0.0000       0.0000       0.0000       0.0000       0.0000       0.0000    
   0.0000       0.0000       0.0000       0.0000       0.0000       0.0000    
   0.0000       0.0000       0.0000       0.0000       0.0000      0.68113E-01
   0.0000       0.0000       0.0000       0.0000       0.0000       0.0000    
   0.0000       0.0000       0.0000       0.0000       0.0000       0.0000    
   0.0000       0.0000       0.0000      0.54153E-02   0.0000       0.0000    
   0.0000       0.0000       0.0000       0.0000       0.0000       0.0000    
   0.0000       0.0000       0.0000       0.0000       0.0000       0.0000    
   0.0000      0.49208E-04   0.0000      0.21698E-02  0.21561E-02  0.15081E-01
  0.23139E-01   0.0000       0.0000       0.0000       0.0000       0.0000    
   0.0000       0.0000       0.0000       0.0000       0.0000      0.39962E-03
   0.0000       0.0000       0.0000       0.0000      0.15391E-01  0.63214E-01
  0.11224      0.43880      0.55209       0.0000       0.0000       0.0000    
  0.62975E+10   0.0000       0.0000      0.37503E-04   0.0000       0.0000    
   0.0000       0.0000       0.0000       0.0000       0.0000       0.0000    
   0.0000       0.0000       0.0000       0.0000      0.89347E+10   0.0000    
   0.0000      0.93435E-04  0.30463E-03  0.28223E-02  0.35650E-02  0.78356E-02
  0.36397E-01  0.47928E-01   0.0000       0.0000       0.0000       0.0000    
   0.0000       0.0000      0.93173E+10   0.0000       0.0000      0.80771E-04
  0.13338E-02  0.29972E-02  0.64831       1.3824      0.58722E-01  0.14462    
  0.11476      0.36928E-01  0.59649E-01  0.10850      0.23411      0.43102    
   7383.0       0.0000      0.11478E-03  0.84428E-04  0.35410E-03  0.36738E-03
  0.14121E-02  0.22264E-02  0.71636E-02  0.12494E-01  0.26761E-01  0.63203E-01
  0.39088E-01  0.79750E-01  0.14991      0.26268       26.886       289.79    
  0.10139E-03  0.47609E-04  0.14526E-04  0.32982E-04  0.77726E-04  0.15819E-03
  0.42667E-03  0.90310E-03  0.18213E-02  0.40427E-02  0.36283E-01  0.24181    
  0.37762      0.51421       4.7226       0.0000      0.84777E-04  0.10604E-03
  0.14004E-03  0.59476E-03  0.29931E-02  0.71090E-02  0.44196E-01  0.53832E-01
  0.72116E-01  0.18331      0.53382E-01  0.12299      0.23668      0.39133    
   9.0503       629.01      0.52902E-04  0.78023E-04  0.16529E-03  0.28943E-03
  0.47314E-03  0.11908E-02  0.29667E-02  0.11533E-01  0.13385E-01  0.13636E-01
  0.27470E-01  0.60406E-01  0.13223      0.44059       8.8646       36.516    
  0.65837E-04  0.75690E-04   0.0000       0.0000       0.0000       0.0000    
   0.0000       0.0000       0.0000       0.0000       0.0000       0.0000    
   0.0000       0.0000       79.141       75.192       0.0000       0.0000    
   0.0000       0.0000       0.0000       0.0000       0.0000       0.0000    
   0.0000       0.0000       0.0000       0.0000       0.0000       0.0000    
   0.0000       0.0000       0.0000      0.66329E-01   0.0000       0.0000    
   0.0000       0.0000       0.0000       0.0000       0.0000       0.0000    
   0.0000       0.0000       0.0000       0.0000       0.0000       0.0000    
   0.0000      0.49717E-02   0.0000       0.0000       0.0000       0.0000    
   0.0000       0.0000       0.0000       0.0000       0.0000       0.0000    
   0.0000       0.0000       0.0000       0.0000       0.0000      0.48498E-04
  0.27742E+26   0.0000       0.0000       0.0000       0.0000       0.0000    
   0.0000       0.0000       0.0000       0.0000       0.0000       0.0000    
   0.0000       0.0000       0.0000      0.45406E-04   0.0000       0.0000    
   0.0000       0.0000       0.0000       0.0000       0.0000       0.0000    
   0.0000       0.0000       0.0000       0.0000      0.63509E+10   0.0000    
   0.0000      0.36127E-04   0.0000       0.0000       0.0000       0.0000    
   0.0000       0.0000       0.0000       0.0000       0.0000       0.0000    
   0.0000       0.0000      0.82443E+10   0.0000       0.0000      0.93751E-04
  0.10703E-02  0.14527E-02   0.0000       0.0000       0.0000       0.0000    
   0.0000       0.0000       0.0000       0.0000       0.0000       0.0000    
  0.41987E+16   0.0000       0.0000      0.74488E-04  0.71887E-01  0.27449E-02
  0.90732E-02  0.32396E-02  0.65792E-02  0.10516E-01  0.16372E-01  0.72413E-01
   52.440       172.30       278.90       313.39       0.0000       0.0000    
  0.10784E-03  0.18534E-03  0.65114E-04  0.12942E-03  0.93620E-03  0.18770E-02
  0.50348E-01  0.11743      0.31424      0.23365      0.63392       1.2459    
   0.0000      0.30460E+19   36.476       189.17      0.93193E-04  0.10463E-03
  0.88376E-03  0.25987E-04  0.63870E-04  0.12629E-02  0.36317E-02  0.90467E-02
  0.18750E-01  0.46172      0.70103       1.3335       7.1489       1.8153    
   5.3328       0.0000      0.93044E-04  0.11973E-03  0.34761E-03  0.25016E-02
  0.15009E-01  0.71390E-02  0.94688E-02  0.64932E-02  0.13924E-01  0.27795E-01
  0.52431E-01   1.1062       12.739       260.32       34.978       564.92    
  0.68752E-04  0.95738E-04  0.76172E-04  0.17238E-03  0.35015E-03  0.27473E-02
  0.19766E-02  0.53179E-02  0.12375E-01  0.25117E-01  0.29707      0.14428    
  0.21699       1.3229       23.151       35.932      0.20728E-03  0.32105E-03
   0.0000       0.0000       0.0000       0.0000       0.0000       0.0000    
   0.0000       0.0000       0.0000       0.0000       0.0000      0.19437E+14
   58480.       43876.       0.0000       0.0000       0.0000       0.0000    
   0.0000       0.0000       0.0000       0.0000       0.0000       0.0000    
   0.0000       0.0000       0.0000       0.0000       0.0000       0.0000    
   0.0000      0.67461E-01   0.0000       0.0000       0.0000       0.0000    
   0.0000       0.0000       0.0000       0.0000       0.0000       0.0000    
   0.0000       0.0000       0.0000       0.0000       0.0000       0.0000    
   0.0000       0.0000       0.0000       0.0000       0.0000       0.0000    
   0.0000       0.0000       0.0000       0.0000       0.0000       0.0000    
   0.0000       0.0000       0.0000      0.52065E-02   0.0000       0.0000    
   0.0000       0.0000       0.0000       0.0000       0.0000       0.0000    
   0.0000       0.0000       0.0000       0.0000      0.43939E+10   0.0000    
   0.0000      0.38508E-04   0.0000       0.0000       0.0000       0.0000    
   0.0000       0.0000       0.0000       0.0000       0.0000       0.0000    
   0.0000       0.0000      0.56846E+10   0.0000       0.0000      0.73903E-04
   0.0000       0.0000       0.0000       0.0000       0.0000       0.0000    
   0.0000       0.0000       0.0000       0.0000       0.0000       0.0000    
  0.33151E+16   0.0000       0.0000      0.86665E-04   0.0000       0.0000    
   0.0000       0.0000       0.0000       0.0000       0.0000       0.0000    
   0.0000       0.0000       0.0000       0.0000       0.0000       0.0000    
   0.0000      0.22727E-03   7.3303       0.0000       0.0000       0.0000    
   0.0000       0.0000       0.0000       0.0000       0.0000       0.0000    
   0.0000       0.0000       0.0000       0.0000      0.84045E-04  0.18772E-03
  0.13025E-02  0.66783E-02  0.19149E-01  0.58175E-01  0.59924E-01   0.0000    
  0.17484      0.25968       0.0000       0.0000       0.0000       0.0000    
   28.445       161.92      0.69621E-04  0.94662E-04  0.39126E-03  0.16258E-02
  0.38403E-02  0.20452E-01  0.13457E-01  0.21131E-01  0.14199E-01  0.27990E-01
  0.47424E-01  0.78256E-01  0.14382      0.20053       5.4254       0.0000    
  0.66289E-04  0.10289E-03  0.11577E-03  0.25245E-03  0.17104E-02  0.99868E-03
  0.24720E-02  0.79891E-02   0.0000       0.0000       0.0000       0.0000    
   0.0000       0.0000       29.624       527.04      0.64497E-04  0.10728E-03
  0.23293E-03  0.67203E-03  0.43705E-03  0.13082E-02  0.27304E-02  0.55593    
  0.59000E-01  0.93502E-01  0.15354      0.30741      0.59212       5064.2    
   57.530       29.676      0.29637E-03  0.49784E-03   0.0000       0.0000    
   0.0000       0.0000       0.0000       0.0000       0.0000       0.0000    
   0.0000       0.0000       0.0000       0.0000      0.10789E+07   0.0000    
   0.0000       0.0000       0.0000       0.0000       0.0000       0.0000    
   0.0000       0.0000       0.0000       0.0000       0.0000       0.0000    
   0.0000       0.0000       0.0000       0.0000       0.0000      0.52337E-01
   0.0000       0.0000       0.0000       0.0000       0.0000       0.0000    
   0.0000       0.0000       0.0000       0.0000       0.0000       0.0000    
   0.0000       0.0000       0.0000       0.0000       0.0000       0.0000    
   0.0000       0.0000       0.0000       0.0000       0.0000       0.0000    
   0.0000       0.0000       0.0000       0.0000       0.0000       0.0000    
   0.0000      0.36596E-02   0.0000       0.0000       0.0000       0.0000    
   0.0000       0.0000       0.0000       0.0000       0.0000       0.0000    
   0.0000       0.0000      0.32950E+10   0.0000       0.0000      0.26547E-04
   0.0000       0.0000       0.0000       0.0000       0.0000       0.0000    
   0.0000       0.0000       0.0000       0.0000       0.0000       0.0000    
  0.50580E+14   0.0000       0.0000      0.54109E-04   0.0000       0.0000    
   0.0000       0.0000       0.0000       0.0000       0.0000       0.0000    
   0.0000       0.0000       0.0000       0.0000       0.0000       0.0000    
   0.0000      0.62167E-03   0.0000       0.0000       0.0000       0.0000    
   0.0000       0.0000       0.0000       0.0000       0.0000       0.0000    
   0.0000       0.0000       0.0000       0.0000       0.0000      0.20178E-03
   0.0000       0.0000       0.0000       0.0000       0.0000       0.0000    
   0.0000       0.0000       0.0000       0.0000       0.0000       0.0000    
   0.0000       0.0000      0.27925E-03  0.29531E-03  0.14697E-02   0.0000    
   0.0000       0.0000       0.0000       0.0000       0.0000       0.0000    
   0.0000       0.0000       0.0000       0.0000       25.628       57446.    
  0.10884E-03  0.13356E-03  0.98096E-03  0.20383E-02  0.36374E-02  0.87088E-02
  0.11741E-01  0.16151E-01  0.45546E-01  0.55007E-01  0.68017E-01  0.17809    
  0.22612       0.0000       11.660       0.0000      0.61957E-04  0.13580E-03
  0.60382E-02  0.38770E-03  0.82291E-03  0.11664E-02   0.0000       0.0000    
   0.0000       0.0000       0.0000       0.0000       0.0000       0.0000    
   26.120       254.50      0.76788E-04  0.10455E-03   0.0000       0.0000    
  0.42303E-02  0.69272E-02  0.12368E-01  0.17248E-01  0.58568E-01   0.0000    
   0.0000       0.0000       0.0000       0.0000       57.346       26.396    
   0.0000      0.22185       0.0000       0.0000       0.0000       0.0000    
   0.0000       0.0000       0.0000       0.0000       0.0000       0.0000    
   0.0000       0.0000      0.15275E+11   0.0000    
