         1         1         2        10                     07/15/11 13:08:15 
         0         1
   16.000       13.000       13.000      -425.00      -415.00      -65.000    
   5.0000       4.0000       4.0000       1.0000    
  -425.00       1.0000      -360.00       1.0000       1.0000      -160.00    
   1.0000       12.000      -100.00       1.0000       1.0000       100.00    
   1.0000       1.0000       165.00       1.0000    
  -415.00       1.0000      -350.00       1.0000       1.0000      -250.00    
   1.0000       10.000       50.000       1.0000       1.0000       115.00    
   1.0000    
  -65.000       1.0000       0.0000       1.0000       1.0000       150.00    
   1.0000       10.000       250.00       1.0000       1.0000       320.00    
   1.0000    
   100.00    
   0.0000       0.0000       0.0000       0.0000       0.0000       0.0000    
   0.0000       0.0000       0.0000       0.0000       0.0000       0.0000    
   0.0000       0.0000       0.0000       0.0000       0.0000      0.12916E-01
   0.0000       0.0000       0.0000       0.0000       0.0000       0.0000    
   0.0000       0.0000       0.0000       0.0000       0.0000       0.0000    
   0.0000       0.0000       0.0000      0.32906E-02   0.0000       0.0000    
   0.0000       0.0000       0.0000       0.0000       0.0000       0.0000    
   0.0000       0.0000       0.0000       0.0000      0.23264E+18   0.0000    
   0.0000      0.27822E-03   0.0000       0.0000       0.0000       0.0000    
   0.0000       0.0000       0.0000       0.0000       0.0000       0.0000    
   0.0000       0.0000       0.0000       0.0000       0.0000      0.19180E-03
   0.0000       0.0000       0.0000       0.0000       0.0000      0.47260    
   0.0000       0.0000       0.0000       0.0000       0.0000       0.0000    
   0.0000       0.0000       0.0000      0.13860E-03  0.54664E-03   0.0000    
  0.32965E-02   0.0000       0.0000      0.25031      0.43054       1.9609    
  0.78829       1.2248       7.0590      0.26354       1028.4       0.0000    
   0.0000      0.25301E-03  0.51630E-03   0.0000       0.0000       0.0000    
   0.0000       0.0000       2.6818       1.7868       2.8055       6.1479    
   10.619       0.0000       45623.       0.0000       0.0000      0.14933E-03
   0.0000      0.16936E-02  0.50818E-02  0.23394E-01  0.23545E-01  0.52705E-01
  0.55320E-01  0.17212       84.658       135.64       0.0000       0.0000    
   126.49       0.0000      0.39319E-04  0.92223E-04  0.20373E-01   0.0000    
  0.42343E-02  0.15733E-02  0.29309E-02  0.42395E-02  0.68788E-02  0.15227E-01
  0.88503E-01  0.70540E-01  0.19197       6.6726       11.501       0.0000    
  0.22961E-04  0.48807E-04  0.15908E-04  0.36432E-04  0.70442E-04  0.12931E-03
  0.21886E-03  0.37863E-03  0.72315E-03  0.32131E-01  0.52308E-01  0.89722E-01
  0.11884       1.0966       50.788      0.34552E+09  0.22806E-04  0.55232E-04
  0.13445E-03  0.61926E-03  0.32907E-03  0.40037E-03  0.81193E-03  0.91672E-03
  0.16741E-02  0.28394E-02  0.46139E-02   154.68       5.9614       583.90    
   20.666       49.354      0.26699E-04  0.86566E-04  0.22620E-01  0.27677E-03
  0.49899E-03  0.88061E-03  0.14478E-02  0.84785E-02  0.93459E-01  0.32280    
  0.20342      0.28844      0.93667       1.0555       100.16      0.18093E+11
  0.12758E-03   0.0000       0.0000       0.0000       0.0000       0.0000    
   0.0000       0.0000       0.0000       0.0000       0.0000       0.0000    
   0.0000       0.0000       0.0000       0.0000       0.0000      0.12430E-01
   0.0000       0.0000       0.0000       0.0000       0.0000       0.0000    
   0.0000       0.0000       0.0000       0.0000       0.0000       0.0000    
   0.0000       0.0000       0.0000      0.96664E-02   0.0000       0.0000    
   0.0000       0.0000       0.0000       0.0000       0.0000       0.0000    
   0.0000       0.0000       0.0000      0.19437E+21  0.49108E+21   0.0000    
   0.0000      0.34353E-02  0.18410E-02  0.67946E-02  0.10474E-01  0.28122E-01
  0.53874E-01  0.10382      0.23018      0.55904       1.5626       0.0000    
   0.0000       0.0000      0.28555E+19   0.0000       0.0000      0.65847E-03
  0.49877E-03  0.10239E-02  0.21928E-02  0.53152E-02  0.10342E-01  0.18141E-01
  0.47527E-01  0.11245      0.19298      0.33673      0.75199       1.2707    
   13.638      0.22350E+15   0.0000      0.34037E-03  0.21631E-03  0.50183E-03
  0.99351E-03  0.22956E-02  0.55200E-02  0.12814E-01  0.27602E-01  0.70107E-01
  0.14641      0.27316       1.4984       2.8965       10.420       0.0000    
   0.0000      0.13654E-03  0.10273E-03  0.18962E-03  0.41926E-03  0.10611E-02
  0.23835E-02  0.58829E-02  0.11947E-01  0.27616E-01  0.57436E-01  0.95166E-01
  0.21355      0.36420       3.2090      0.64370E+19   0.0000      0.52927E-04
  0.52503E-04  0.10776E-03  0.22852E-03  0.48356E-03  0.10612E-02  0.22142E-02
  0.47378E-02  0.95830E-02  0.19778E-01  0.38805E-01  0.73690E-01  0.14246    
  0.94676      0.68834E+19  0.37696E-02  0.28219E-04  0.36587E-04  0.77583E-04
  0.17007E-03  0.35879E-03  0.75540E-03  0.16125E-02  0.32807E-02  0.65286E-02
  0.12617E-01  0.23368E-01  0.41486E-01  0.65037E-01  0.45648       0.0000    
  0.98870E-05  0.16052E-04  0.31296E-04  0.66925E-04  0.14386E-03  0.30282E-03
  0.64015E-03  0.13952E-02  0.27781E-02  0.53013E-02  0.10014E-01  0.18162E-01
  0.30888E-01  0.48942E-01  0.31690       180.41      0.21187E-05  0.80339E-05
  0.17277E-04  0.42035E-04  0.89658E-04  0.18796E-03  0.38635E-03  0.79518E-03
  0.14219E-02  0.27698E-02  0.52038E-02  0.92210E-02  0.15510E-01  0.23513E-01
  0.18564       2.1529      0.84812E-06  0.47457E-05  0.13185E-04  0.28565E-04
  0.62433E-04  0.13153E-03  0.26654E-03  0.54647E-03  0.10973E-02  0.21598E-02
  0.39124E-02  0.69982E-02  0.11650E-01  0.17923E-01  0.98846E-01  0.50035    
  0.44293E-05  0.13687E-04  0.18970E-04  0.41290E-04  0.93295E-04  0.19565E-03
  0.40181E-03  0.83797E-03  0.17085E-02  0.33621E-02  0.63543E-02  0.11685E-01
  0.20886E-01  0.31620E-01  0.40813       85.691      0.17533E-04  0.49407E-04
  0.15785E-03  0.29899E-03  0.55072E-03  0.11409E-02  0.21698E-02  0.18966E-01
  0.39333E-01  0.68173E-01  0.26907      0.45049       3.6290       40.616    
   3.5973       192.71       0.0000      0.10469E-02   0.0000       0.0000    
   0.0000       0.0000       0.0000       0.0000       0.0000       0.0000    
   0.0000       0.0000       0.0000       0.0000       0.0000       0.0000    
   0.0000      0.54163E-02   0.0000       0.0000       0.0000       0.0000    
   0.0000       0.0000       0.0000       0.0000       0.0000       0.0000    
   0.0000       0.0000      0.13697E+21   0.0000       0.0000      0.56916E-02
   0.0000       0.0000       0.0000       0.0000       0.0000       0.0000    
   0.0000       0.0000       0.0000       0.0000       0.0000       0.0000    
  0.52068E+26   0.0000       0.0000      0.95473E-02   0.0000       0.0000    
   0.0000       0.0000       0.0000       0.0000      0.35285      0.35315    
   0.0000       0.0000       0.0000       0.0000      0.78931E+26   0.0000    
   0.0000      0.51427E-02   0.0000       0.0000      0.51810E-02  0.97616E-02
  0.20282E-01  0.43365E-01   0.0000      0.68525       1.2674       2.4461    
   4.2697       8.0947      0.99766E+15   0.0000       0.0000      0.65675E-03
  0.55063E-03  0.56268E-03  0.12260E-02  0.62778E-02  0.24898E-01  0.67735E-02
  0.21903E-01   1.1419       2.1356       3.6422       6.6440       3.5961    
   7.1992       0.0000       0.0000      0.95252E-04  0.25197E-03  0.58599E-03
  0.12842E-02  0.32049E-02  0.29411E-02  0.53229E-02  0.77960E-02  0.14599E-01
  0.41250E-01  0.93622E-01  0.16624      0.28501       1.0681       0.0000    
   0.0000      0.79500E-04  0.73667E-04  0.16162E-03  0.26119E-03  0.54246E-03
  0.14692E-02  0.55012E-02  0.25445E-01  0.43592E-01  0.12321      0.18935    
  0.29239      0.33230      0.97164       0.0000      0.34294E-04  0.46340E-04
  0.53053E-04  0.12563E-03  0.17533E-03  0.37144E-03  0.82833E-03  0.19272E-02
  0.35959E-02  0.69183E-02  0.13305E-01  0.25125E-01  0.47921E-01  0.72817E-01
  0.97951       134.82      0.25467E-04  0.24869E-04  0.61674E-04  0.13251E-03
  0.23635E-03  0.44549E-03  0.99158E-03  0.22513E-02  0.41463E-02  0.95035E-02
  0.16199E-01  0.32231E-01  0.46339E-01  0.31644E-01  0.47701       435.29    
  0.25584E-04  0.10423E-04  0.26405E-04  0.61488E-04  0.12722E-03  0.35373E-03
  0.73579E-03  0.18322E-02  0.47172E-02  0.98229E-02  0.23367E-01  0.29440E-01
  0.33515E-01  0.49872E-01  0.21485       32.275      0.20813E-04  0.12855E-04
  0.54796E-04  0.97867E-04  0.21258E-03  0.50226E-03  0.12224E-02  0.23000E-02
  0.45751E-02  0.94915E-02  0.17321E-01  0.32046E-01  0.49037E-01  0.82508E-01
  0.49462       170.48      0.42552E-04  0.38606E-04  0.15904E-01  0.24213E-02
  0.21124E-01  0.18271E-01  0.90789E-01  0.20335      0.51113      0.86987    
   14.861       0.0000       26.407       9.7972       32.348       350.46    
   0.0000      0.10999E-02   0.0000       0.0000       0.0000       0.0000    
   0.0000       0.0000       0.0000       0.0000       0.0000       0.0000    
   0.0000       0.0000       0.0000       0.0000       0.0000      0.54059E-02
  0.25459E-03   0.0000       0.0000       0.0000       0.0000       0.0000    
   0.0000       0.0000       0.0000       0.0000       0.0000       0.0000    
  0.13575E+21   0.0000       0.0000      0.71646E-02   0.0000       0.0000    
   0.0000       0.0000       0.0000       0.0000       0.0000       0.0000    
   0.0000       0.0000       0.0000       0.0000      0.51253E+26  0.12716E+25
   0.0000      0.10594E-01   0.0000       0.0000       0.0000       0.0000    
  0.45475      0.87431E-01  0.29909       0.0000       0.0000       0.0000    
   0.0000       0.0000       0.0000       0.0000       0.0000      0.40001E-02
  0.83095E-02  0.17533E-02  0.33369E-02   0.0000      0.29434      0.56807E-01
  0.14078      0.29911      0.76362      0.65101      0.91417       3.2655    
   245.17       0.0000       0.0000      0.10512E-03  0.26438E-04  0.13221E-02
  0.43014E-03  0.11406E-02  0.20970E-02  0.60138E-02  0.38089E-01  0.70503E-01
  0.12186      0.23069      0.29909      0.36010       6.1077       0.0000    
   0.0000      0.83538E-04  0.23935E-03  0.94305E-03  0.26511E-02  0.32330E-02
  0.76125E-02  0.16176E-01  0.25966E-01  0.50806E-01  0.12687      0.19119    
  0.38420       1.1784       1.2885       0.0000       0.0000      0.98844E-04
  0.76480E-04  0.21581E-03  0.61113E-03  0.24268E-02  0.46064E-02  0.70682E-02
  0.16045E-01  0.24876E-01  0.48095E-01  0.73017E-01  0.20848      0.31636    
   2.3276       0.0000      0.28149E-04  0.40233E-04  0.41567E-04  0.68546E-04
  0.15346E-03  0.14451E-03  0.31050E-03  0.86933E-03  0.17131E-02  0.16138E-01
  0.41417E-01  0.66867E-01  0.11642      0.20655       1.0428       3513.3    
  0.31737E-04  0.30353E-04  0.52350E-04  0.12104E-03  0.44575E-03  0.11320E-02
  0.15061E-02  0.18630E-02  0.13503E-02  0.29048E-02  0.54880E-02  0.99716E-02
  0.16118E-01  0.30935E-01  0.70506       1604.4      0.45215E-04  0.14849E-04
  0.37284E-04  0.11062E-03  0.18912E-03  0.37463E-03  0.59585E-03  0.96018E-03
  0.20467E-02  0.43758E-02  0.83181E-02  0.14575E-01  0.27200E-01  0.56066E-01
  0.24162       25.329      0.24547E-04  0.12134E-04  0.75887E-04  0.88517E-04
  0.17908E-03  0.37365E-03  0.77547E-03  0.16526E-02  0.31681E-02  0.60862E-02
  0.11145E-01  0.19921E-01  0.29499E-01  0.48720E-01  0.27844       189.71    
  0.51255E-04  0.58261E-04   0.0000      0.64840E-03  0.13312E-02   0.0000    
   0.0000      0.16979      0.24377      0.95197       1.3219       1.9947    
   0.0000       0.0000       14.639       5308.9       0.0000       0.0000    
   0.0000       0.0000       0.0000       0.0000       0.0000       0.0000    
   0.0000       0.0000       0.0000       0.0000       0.0000       0.0000    
   0.0000       0.0000       0.0000      0.42598E-02  0.63105E-02   0.0000    
   0.0000       0.0000       0.0000       0.0000       0.0000       0.0000    
   0.0000       0.0000       0.0000       0.0000      0.13417E+21   0.0000    
   0.0000       0.0000       0.0000       0.0000       0.0000       0.0000    
   0.0000       0.0000       0.0000       0.0000       0.0000       0.0000    
   0.0000       0.0000       0.0000      0.78027E+24   0.0000      0.40702E-02
  0.21260E-03  0.15285E-02  0.11078E-02  0.22870E-02  0.54719       0.0000    
   0.0000       0.0000       0.0000       0.0000       0.0000       0.0000    
   238.46       0.0000       0.0000      0.35406E-02  0.47534E-03  0.60966E-03
  0.71687E-02  0.67263E-02  0.86738E-01  0.55510E-01  0.51917E-01  0.12423    
  0.24847      0.38040       1.5484       0.0000       206.54       0.0000    
   0.0000      0.37588E-03  0.12338E-04  0.68756E-04  0.96675E-04  0.27906E-03
  0.84486E-03  0.16506E-02  0.26040E-02  0.46146E-02  0.15263      0.37999    
  0.27463E-01  0.45929E-01   16.422       0.0000       0.0000      0.22010E-03
  0.17514E-03  0.37652E-03  0.49742E-03  0.77570E-03  0.11199E-01  0.63078E-02
  0.57061E-02  0.88722E-02  0.18025E-01  0.36323E-01  0.76251E-01  0.41027E-01
   1.0370       0.0000       0.0000      0.13698E-03  0.15281E-03  0.50375E-03
  0.56865E-03  0.10362E-02  0.19714E-02  0.34446E-02  0.14128E-01  0.34692E-01
  0.12354      0.13673      0.34206      0.37141       2.7263       0.0000    
  0.34528E-04  0.47276E-04  0.20527E-04  0.47599E-04  0.10101E-03  0.17906E-03
  0.11864E-02  0.25690E-02  0.50951E-02  0.10586E-01  0.20361E-01  0.38635E-01
  0.71167E-01  0.97155E-01   1.1977       803.30      0.40957E-04  0.50863E-04
  0.73939E-04  0.17279E-03  0.36834E-03  0.10087E-02  0.21392E-02  0.38103E-02
  0.52742E-02  0.11406E-01  0.22221E-01  0.47031E-01  0.64753E-01  0.89848E-01
   1.3760       1553.8      0.54014E-04  0.21548E-04  0.33005E-04  0.11248E-03
  0.24786E-03  0.46038E-03  0.10883E-02  0.47369E-02  0.10382E-01  0.18034E-01
  0.34535E-01  0.57128E-01  0.12623      0.21115      0.45601       20.181    
  0.23602E-04  0.12564E-04  0.68690E-04  0.14476E-03  0.37968E-03  0.76002E-03
  0.11674E-02  0.24722E-02  0.48872E-02  0.11147E-01  0.23385E-01  0.41679E-01
  0.58848E-01  0.16300      0.24033       191.31      0.29261E-04  0.14190E-03
  0.13671E-02  0.79301E-03  0.10401E-01  0.14522E-01  0.23350       5.6228    
   10.763       19.862      0.11761       0.0000       0.0000      0.40308    
   4.8418       25642.       0.0000       0.0000       0.0000       0.0000    
   0.0000       0.0000       0.0000       0.0000       0.0000       0.0000    
   0.0000       0.0000       0.0000       0.0000       0.0000       0.0000    
   0.0000      0.98694E-02  0.76288E-03   0.0000       0.0000       0.0000    
   0.0000       0.0000       0.0000       0.0000       0.0000       0.0000    
   0.0000       0.0000      0.13327E+21   0.0000       0.0000      0.23837E-01
  0.32502E-02   0.0000       0.0000       0.0000       0.0000       0.0000    
  0.25246       1.2488       2.8788       2.7737       10.936       0.0000    
   0.0000       0.0000       0.0000      0.88750E-02  0.25718E-03  0.11627E-02
  0.26170E-02   0.0000       0.0000       0.0000       0.0000       0.0000    
   0.0000       0.0000       6.0123       12.031       198.37       0.0000    
   0.0000      0.21836E-02  0.63070E-03  0.23428E-02  0.39291E-02  0.57343E-02
  0.16988E-01  0.41001E-01  0.75932E-01   0.0000       0.0000       0.0000    
   0.0000       0.0000       1285.7       0.0000       0.0000      0.59559E-03
  0.46251E-04  0.15210E-03  0.38288E-03   8.7852      0.99384E-01  0.22969    
  0.49871      0.70435E-02  0.12233E-01  0.24185E-01  0.38426E-01   7.0214    
   896.14       0.0000       0.0000      0.19099E-03  0.11168E-03  0.40451E-03
  0.39233E-03  0.12659E-02  0.25015E-02  0.42446E-02  0.12136E-01  0.12078    
  0.25642      0.35219      0.99070      0.88892       13.491       0.0000    
   0.0000      0.20508E-03  0.25168E-03  0.73920E-03  0.22504E-02  0.60836E-02
  0.16193E-01  0.25980E-01  0.48987E-01  0.68040E-01  0.36927      0.42759    
   1.5896       2.1783       3.2577       0.0000      0.31453E-04  0.11430E-03
  0.15648E-03  0.46296E-03  0.97595E-03  0.21275E-02  0.36162E-02  0.16822E-01
  0.40514E-01  0.20084E-01  0.32787E-01  0.56645E-01  0.15115      0.24124    
   2.1519       585.48      0.45091E-04  0.60325E-04  0.44437E-04  0.90960E-04
  0.27208E-03  0.85905E-03  0.17659E-02  0.27631E-02  0.62376E-02  0.21926E-01
  0.35376E-01  0.61738E-01  0.10831      0.11981       1.7561       4324.6    
  0.81492E-04  0.31840E-04  0.95364E-04  0.18516E-03  0.34981E-03  0.55388E-03
  0.15267E-02  0.30697E-02  0.69668E-02  0.13685E-01  0.49683E-01  0.69650E-01
  0.88031E-01  0.93570E-01  0.70174       16.686      0.32891E-04  0.13687E-04
  0.33900E-04  0.10944E-03  0.27073E-03  0.54389E-03  0.17205E-02  0.51903E-02
  0.84557E-02  0.16772E-01  0.19994E-01  0.26949E-01  0.17281E-01  0.28615E-01
  0.23175       85.435      0.13434E-03  0.71276E-04  0.63324E-03  0.15617E-02
  0.72702      0.22187E-01   2.5788       4.9021       28.537       55.393    
   7.4692       14.908       1.6006       2.1051       3.6607       0.0000    
   0.0000       0.0000       0.0000       0.0000       0.0000       0.0000    
   0.0000       0.0000       0.0000       0.0000       0.0000       0.0000    
   0.0000       0.0000       0.0000       0.0000       0.0000      0.72015E-02
  0.74887E-03  0.19334E-01  0.29469E-01  0.29385E-01   0.0000       0.0000    
   0.0000       0.0000       0.0000       0.0000       0.0000       0.0000    
  0.13143E+21   0.0000       0.0000      0.19620E-01  0.75961E-02   0.0000    
   0.0000      0.12587E-01  0.35007E-01  0.88472E-01  0.25277       0.0000    
   0.0000       0.0000       0.0000       0.0000       0.0000       0.0000    
   0.0000      0.39172E-02   0.0000       0.0000       0.0000       0.0000    
   0.0000       0.0000       0.0000       0.0000       0.0000       0.0000    
   0.0000       0.0000       1169.3       0.0000       0.0000      0.32749E-02
   0.0000      0.33398E-01  0.11044E-01  0.64357E-01   0.0000       0.0000    
   0.0000       0.0000       0.0000       0.0000       0.0000       0.0000    
  0.11392E+16   0.0000       0.0000      0.21509E-02  0.20477E-02  0.74642E-03
  0.13799E-02  0.28968E-02  0.99992E-02  0.95012E-01  0.38092      0.60848    
   1.4480       8.9874       25.813       257.54      0.10701E+20   0.0000    
   0.0000      0.25712E-03  0.60651E-04  0.15039E-03  0.41191E-03  0.10966E-02
  0.10495E-01  0.17057E-01  0.42560E-01  0.64034E-01  0.12716      0.24523    
  0.51256       1.0495       284.92       0.0000       0.0000      0.16541E-03
  0.68819E-04  0.14071E-03  0.25983E-03  0.72596E-02  0.30836E-01   0.0000    
   0.0000       0.0000      0.44081E-01  0.44235E-01  0.90336E-01  0.10240    
   3.0942       0.0000      0.33686E-04  0.11443E-03  0.14852E-03  0.54631E-03
  0.71315E-03  0.11553E-02  0.23852E-02  0.35720E-02  0.74979E-02  0.94793E-02
  0.44962E-01  0.76366       3.7098       1.5288       3.6945       541.05    
  0.65093E-04  0.91167E-04  0.51727E-04  0.94745E-04  0.16155E-03  0.38980E-03
  0.14288E-02  0.41966E-02  0.86875E-02  0.27469E-01  0.66111E-01  0.20078    
  0.17099      0.38682       3.0618      0.80995E+06  0.96645E-04  0.54476E-04
  0.77447E-04  0.13844E-03  0.51454E-03  0.12070E-02  0.22092E-02  0.35025E-02
  0.51305E-02  0.79296E-02  0.12621E-01  0.21656E-01  0.37311E-01  0.56928E-01
  0.86443       952.30      0.31168E-04  0.18329E-04  0.28496E-04  0.65883E-04
  0.17116E-03  0.25116E-03  0.38084E-03  0.65702E-03  0.11907E-02  0.12015E-02
  0.16317E-02  0.22684E-02  0.34165E-02  0.52859E-02  0.17866       80.896    
  0.51273E-04  0.10759E-03  0.40501E-02  0.71339E-02  0.15256E-01  0.22377E-01
  0.46208E-01  0.33590E-01  0.20694       12.224       932.98       1937.9    
  0.35455E+08   8.0984       4.3604       208.66       0.0000       0.0000    
   0.0000       0.0000       0.0000       0.0000       0.0000       0.0000    
   0.0000       0.0000       0.0000       0.0000       0.0000       0.0000    
   0.0000       0.0000       0.0000      0.67478E-02   0.0000       0.0000    
   0.0000       0.0000       0.0000       0.0000       0.0000       0.0000    
   0.0000       0.0000       0.0000       0.0000      0.12430E+21   0.0000    
   0.0000      0.69666E-02   0.0000       0.0000       0.0000       0.0000    
   0.0000       0.0000       0.0000       0.0000       0.0000       0.0000    
   0.0000       57.466       760.52       0.0000       0.0000      0.48154E-02
   0.0000       0.0000       0.0000       0.0000       0.0000       0.0000    
   0.0000       0.0000       0.0000       0.0000       0.0000       0.0000    
   963.36       0.0000       0.0000      0.12865E-01   0.0000       0.0000    
   0.0000       0.0000       0.0000       0.0000       0.0000       0.0000    
   0.0000       0.0000       0.0000       0.0000      0.11631E+16   0.0000    
   0.0000      0.24080E-02  0.33461E-02  0.27384E-01  0.34288      0.98094E-01
  0.27766      0.40471      0.47144       1.0685       2.0554       10.231    
   0.0000       71.147       1029.2       0.0000       0.0000      0.24385E-02
  0.16066E-03  0.34630E-03  0.10567E-02  0.70131E-03  0.19702E-02  0.41453E-02
  0.77163E-02   3.6411       28.214       37.180       0.0000      0.41049E+31
   1298.7       0.0000       0.0000      0.34548E-03  0.21354E-02   0.0000    
  0.29049E-03  0.56480E-03  0.11655E-02   0.0000      0.61461E-02  0.77661E-02
  0.29062E-01  0.64443E-01  0.38069      0.57917       16.148       0.0000    
  0.40643E-04  0.18458E-03  0.29262E-02  0.11720E-01  0.28063E-01  0.49337E-02
  0.11633E-01  0.27091E-01  0.13443E-01  0.86930E-02  0.18810E-01  0.39573E-01
  0.78957E-01  0.10425       3.6233       604.09      0.64361E-04  0.11994E-03
  0.10930E-03  0.13661E-03  0.35208E-03  0.69667E-03  0.23015E-02  0.67076E-02
  0.15807E-01  0.64312E-01  0.14199      0.11743      0.20046      0.21126    
   4.9964      0.67127E+06  0.10704E-03  0.75615E-04  0.90568E-04  0.17249E-03
  0.37064E-03  0.73013E-03  0.13614E-02  0.24432E-02  0.48317E-02  0.10588E-01
  0.17033E-01  0.29307E-01  0.44982E-01  0.82395E-01   1.6350       36579.    
  0.33849E-04  0.33640E-04  0.67448E-04  0.87406E-04  0.11029E-03  0.14750E-03
  0.22448E-03  0.36253E-03  0.62676E-03  0.10100E-02  0.21743E-02  0.39354E-02
  0.88085E-02  0.18529E-01  0.70772       83.542      0.68172E-04  0.77112E-04
   0.0000      0.25657      0.41929E-01  0.57189E-01  0.91294E-02  0.17053E-01
  0.71455E-01  0.15441       82608.       3.1649       4.9082       7.6636    
   3.1770       517.40       0.0000       0.0000       0.0000       0.0000    
   0.0000       0.0000       0.0000       0.0000       0.0000       0.0000    
   0.0000       0.0000       0.0000       0.0000       0.0000       0.0000    
   0.0000      0.63139E-02   0.0000       0.0000       0.0000       0.0000    
   0.0000       0.0000       0.0000       0.0000       0.0000       0.0000    
   0.0000       0.0000      0.12303E+21   0.0000       0.0000      0.76885E-02
   0.0000      0.16897E-01  0.40843E-01  0.13833      0.22333      0.62357    
   1.1920       1.8296       4.8288       13.369       36.245       55.624    
   0.0000       0.0000       0.0000      0.14366E-01  0.12759E-01  0.52582E-01
   0.0000       0.0000       0.0000       0.0000       0.0000       0.0000    
   0.0000       0.0000       0.0000       0.0000       0.0000       0.0000    
   0.0000      0.10162E-01   0.0000       0.0000       0.0000       0.0000    
   0.0000       0.0000       0.0000       0.0000       0.0000       0.0000    
   0.0000      0.22962E+24  0.10427E+20   0.0000       0.0000      0.30325E-02
   0.0000      0.30741E-01  0.17321E-01  0.59021E-01  0.30181       1.2515    
   2.6978       8.8035       10.711       21.230       28.343       78.579    
  0.12520E+16   0.0000       0.0000      0.53915E-02  0.84019E-02  0.13819E-01
  0.40225E-01   0.0000       0.0000       0.0000       0.0000       0.0000    
   0.0000       0.0000      0.17379E+31  0.55653E+31  0.15348E+16   0.0000    
   0.0000      0.26720E-03  0.57700E-03  0.21809E-02  0.47186E-02  0.12299E-01
  0.12907E-02  0.25025E-02  0.62446E-02  0.10876E-01  0.82025E-01  0.80530    
  0.33374      0.65529       169.95       0.0000      0.44190E-04  0.16702E-03
  0.55328E-03  0.14220E-02  0.16380E-02  0.42497E-02  0.17631E-01  0.32813E-01
  0.51180E-01  0.19754E-01  0.27638E-01  0.43124E-01  0.80788E-01  0.26575    
   15.129       486.99      0.66081E-04  0.11553E-03  0.24968E-03  0.29681E-03
  0.64870E-03  0.10701E-02  0.29055E-02  0.51150E-02  0.10891E-01  0.18554E-01
  0.95779E-01  0.16438      0.27460      0.39186       16.015      0.58115E+06
  0.15027E-03  0.10020E-03  0.12796E-03  0.25216E-03  0.49997E-03  0.79158E-03
  0.25247E-02  0.90332E-02  0.15877E-01  0.23634E-01  0.74208E-01  0.14335    
  0.16668      0.57348       2.8204       29597.      0.43207E-04  0.39104E-04
  0.32361E-04  0.65497E-04  0.23415E-03  0.43271E-03  0.65050E-03  0.10509E-02
  0.21588E-02  0.57425E-02  0.10458E-01  0.20277E-01  0.15517      0.15838    
   2.6334       73.783      0.17722E-01  0.12159E-03   0.0000       0.0000    
   0.0000      0.69554E-01   5.8160      0.27933E-01  0.53608E-01  0.11677    
   93345.      0.11657E+12   56.966       65.624       4.2300       19921.    
   0.0000       0.0000       0.0000       0.0000       0.0000       0.0000    
   0.0000       0.0000       0.0000       0.0000       0.0000       0.0000    
   0.0000       0.0000       0.0000       0.0000       0.0000      0.61628E-02
  0.27160E-02   0.0000       0.0000       0.0000       0.0000       0.0000    
   0.0000       0.0000       0.0000       0.0000       0.0000       0.0000    
  0.12954E+21   0.0000       0.0000      0.75881E-02   0.0000       0.0000    
   0.0000       0.0000       0.0000       0.0000       0.0000       0.0000    
   0.0000       0.0000       0.0000       0.0000       0.0000       0.0000    
   0.0000      0.14729E-01   0.0000       0.0000       0.0000       0.0000    
   0.0000       0.0000       0.0000       0.0000       0.0000       0.0000    
   0.0000       0.0000      0.61331E+19   0.0000       0.0000      0.69377E-02
   0.0000       0.0000       0.0000       0.0000       0.0000       0.0000    
   0.0000       0.0000       0.0000      0.58329E+23  0.12034E+24  0.20476E+24
  0.95162E+19   0.0000       0.0000      0.59621E-02   0.0000       0.0000    
   0.0000       0.0000       0.0000       0.0000       0.0000      0.39612E+30
   0.0000       0.0000       0.0000       0.0000      0.11915E+16   0.0000    
   0.0000      0.45687E-02   0.0000       0.0000       0.0000       0.0000    
   0.0000       0.0000       0.0000       0.0000       0.0000       0.0000    
   0.0000       0.0000       138.82       0.0000       0.0000      0.19941E-03
  0.12449E-03  0.63018E-03  0.12495E-01  0.85510E-02  0.33106E-01  0.45554E-01
  0.99390E-02  0.17323E-01  0.91068E-01  0.22423      0.47291       0.0000    
   156.91       0.0000      0.79716E-04  0.19413E-03  0.91173E-03  0.40496E-02
   0.0000       0.0000       0.0000       0.0000       6.3563      0.51998    
   1.1438       2.3310       5.7392       9.2344       1736.3       19366.    
  0.70579E-04  0.11980E-03  0.11403E-03  0.26129E-03  0.71710E-03  0.19402E-02
  0.41611E-02  0.36805E-02  0.71999E-02  0.29004E-01  0.14599      0.21800    
  0.45073      0.65504       22.149       47455.      0.15282E-03  0.94463E-04
  0.20759E-03  0.34336E-03  0.65773E-03  0.12850E-02  0.27578E-02  0.62828E-02
  0.13510E-01  0.38775E-01  0.33991E-01  0.54856E-01  0.89256E-01  0.14766    
   3.3253       26678.      0.45521E-04  0.82126E-04  0.11795E-03  0.22804E-03
  0.29410E-03  0.75335E-03  0.28974E-02  0.16047E-01  0.15894E-01  0.26174E-01
  0.38620E-01  0.83778E-01  0.11249      0.12836       3.5785       69.595    
  0.93101E-04  0.88819E-03   0.0000       0.0000       0.0000       0.0000    
  0.96452E-01  0.21070      0.30323      0.12280E+09  0.12481E+08  0.43263E+07
   57.559       18510.       256.15       106.49       0.0000       0.0000    
   0.0000       0.0000       0.0000       0.0000       0.0000       0.0000    
   0.0000       0.0000       0.0000       0.0000       0.0000       0.0000    
   0.0000       0.0000       0.0000      0.68106E-02   0.0000       0.0000    
   0.0000       0.0000       0.0000       0.0000       0.0000       0.0000    
   0.0000       0.0000       0.0000       0.0000      0.12078E+21   0.0000    
   0.0000      0.26900E-01   0.0000       0.0000       0.0000       0.0000    
   0.0000       0.0000       0.0000       0.0000       0.0000       0.0000    
   0.0000       0.0000       0.0000       0.0000       0.0000      0.33385E-01
   0.0000       0.0000       0.0000       0.0000       0.0000       0.0000    
   0.0000       0.0000       0.0000       0.0000       0.0000       0.0000    
  0.60095E+19   0.0000       0.0000      0.45380E-02   0.0000       0.0000    
   0.0000       0.0000       0.0000       0.0000       0.0000       0.0000    
   0.0000       0.0000       0.0000       0.0000       0.0000       0.0000    
   0.0000      0.86227E-02   0.0000       0.0000       0.0000       0.0000    
   0.0000       0.0000       0.0000       0.0000       0.0000       0.0000    
   0.0000       0.0000      0.11590E+16   0.0000       0.0000      0.20485E-02
   0.0000       0.0000       0.0000       0.0000       0.0000       0.0000    
   0.0000       0.0000       0.0000       0.0000       0.0000       0.0000    
   132.43       0.0000       0.0000      0.22326E-03  0.20353E-03  0.30226E-03
  0.98160E-03  0.29312E-02  0.15597E-01  0.12263E-01  0.51783E-01   0.0000    
   0.0000       0.0000       0.0000       0.0000       2138.7       0.0000    
  0.19992E-03  0.22533E-03  0.12689E-02   0.0000       0.0000       0.0000    
  0.63441       1.6168      0.20032      0.39740       0.0000       0.0000    
   0.0000       0.0000       2857.5      0.21034E+06  0.61504E-04  0.14804E-03
  0.22873E-03  0.22465E-03  0.57280E-03  0.33576E-02  0.63561E-02  0.10501E-01
  0.26922E-01  0.66893E-01  0.16182      0.39060      0.97071       2.1814    
   129.30       39590.      0.13475E-03  0.96194E-04  0.11899E-02  0.73368E-03
  0.21704E-02  0.38613E-02  0.77717E-02  0.38693E-02  0.53883E-02  0.11020E-01
  0.40264E-01  0.13808      0.37364       3.4813       9.7023       23372.    
  0.54444E-04  0.86459E-04  0.84164E-04  0.24042E-03  0.35654E-03  0.66443E-03
  0.13102E-02  0.30020E-02  0.56707E-02  0.75063E-02  0.22515E-01  0.70248E-01
  0.12291      0.30364       18.085       73.001       0.0000      0.17784E-03
   0.0000       0.0000      0.57054E-02  0.37118E-01  0.11345      0.54498    
   0.0000       0.0000      0.83983E+06  0.26192E+07  0.72325E+11   0.0000    
   40.429       0.0000       0.0000       0.0000       0.0000       0.0000    
   0.0000       0.0000       0.0000       0.0000       0.0000       0.0000    
   0.0000       0.0000       0.0000       0.0000       0.0000       0.0000    
   0.0000      0.63467E-02   0.0000       0.0000       0.0000       0.0000    
   0.0000       0.0000       0.0000       0.0000       0.0000       0.0000    
   0.0000       0.0000      0.11516E+21   0.0000       0.0000      0.25193E-01
   0.0000       0.0000       0.0000       0.0000       0.0000       0.0000    
   0.0000       0.0000       0.0000       0.0000       0.0000       0.0000    
  0.40453E+19   0.0000       0.0000      0.75093E-02   0.0000       0.0000    
   0.0000       0.0000       0.0000       0.0000       0.0000       0.0000    
   0.0000       0.0000       0.0000       0.0000      0.52606E+19   0.0000    
   0.0000      0.34698E-02   0.0000       0.0000       0.0000       0.0000    
   0.0000       0.0000       0.0000       0.0000       0.0000       0.0000    
   0.0000       0.0000       0.0000       0.0000       0.0000      0.33552E-02
   0.0000       0.0000       0.0000       0.0000       0.0000       0.0000    
   0.0000       0.0000       0.0000       0.0000       0.0000       0.0000    
  0.11989E+16   0.0000       0.0000      0.15348E-02   0.0000       0.0000    
   0.0000       0.0000       0.0000       0.0000       0.0000       0.0000    
   0.0000       0.0000       0.0000       0.0000       110.46       0.0000    
   0.0000      0.38567E-03   0.0000       0.0000       0.0000       0.0000    
   0.0000       0.0000       0.0000       0.0000       0.0000       0.0000    
   0.0000       0.0000       1967.4       0.0000      0.23143E-03  0.22992E-03
   0.0000       0.0000       0.0000       0.0000       0.0000       0.0000    
   0.0000       0.0000       0.0000       0.0000       0.0000       0.0000    
   2550.3      0.17415E+06  0.68949E-04  0.14045E-03  0.87127E-03  0.88175E-03
  0.14311E-02  0.34226E-02  0.76579E-02  0.20152E-01  0.10873      0.27226    
  0.50862       1.2909       3.9791       6.3742       1417.2       32463.    
  0.97683E-04  0.86474E-04  0.73290E-04  0.97543E-04  0.60919E-03  0.54202E-03
  0.12116E-02  0.36633E-02  0.22664E-01  0.25698       3.2612      0.34375E+09
  0.32113E+10  0.56105E+10   9.0145       18775.      0.52918E-04  0.12172E-03
  0.78788E-04  0.13993E-03  0.41180E-03  0.14935E-02  0.22499E-02  0.10112E-01
  0.30126E-01  0.14291      0.39825      0.84049       1703.2       1367.4    
   15.378       64.257      0.32153E-03   8.8783      0.13371E-02  0.31806E-02
  0.58471E-02  0.68826E-01  0.37261       0.0000       0.0000       0.0000    
   0.0000       0.0000       0.0000       0.0000      0.69975E+06   0.0000    
   0.0000       0.0000       0.0000       0.0000       0.0000       0.0000    
   0.0000       0.0000       0.0000       0.0000       0.0000       0.0000    
   0.0000       0.0000       0.0000       0.0000       0.0000      0.56571E-02
   0.0000       0.0000       0.0000       0.0000       0.0000       0.0000    
   0.0000       0.0000       0.0000       0.0000       0.0000       0.0000    
  0.92705E+20   0.0000       0.0000      0.15931       0.0000       0.0000    
   0.0000       0.0000       0.0000       0.0000       0.0000       0.0000    
   0.0000       0.0000       0.0000       0.0000      0.30027E+19   0.0000    
   0.0000      0.83333E-02   0.0000       0.0000       0.0000       0.0000    
   0.0000       0.0000       0.0000       0.0000       0.0000       0.0000    
   0.0000       0.0000       0.0000       0.0000       0.0000      0.44885E-02
   0.0000       0.0000       0.0000       0.0000       0.0000       0.0000    
   0.0000       0.0000       0.0000       0.0000       0.0000       0.0000    
   0.0000       0.0000       0.0000      0.99317E-02   0.0000       0.0000    
   0.0000       0.0000       0.0000       0.0000       0.0000       0.0000    
   0.0000       0.0000       0.0000       0.0000      0.97717E+15   0.0000    
   0.0000      0.35949E-02   0.0000       0.0000       0.0000       0.0000    
   0.0000       0.0000       0.0000       0.0000       0.0000       0.0000    
   0.0000       0.0000       93.538       0.0000       0.0000      0.38391E-03
   0.0000       0.0000       0.0000       0.0000       0.0000       0.0000    
   0.0000       0.0000       0.0000       0.0000       0.0000       0.0000    
   1738.7       0.0000      0.19604E-03  0.35321E-03   0.0000       0.0000    
   0.0000       0.0000       0.0000       0.0000       0.0000       0.0000    
   0.0000       0.0000       0.0000       0.0000       2362.9       0.0000    
  0.89096E-04  0.13023E-03  0.44884E-03  0.14164E-02  0.27130E-02  0.52724E-01
  0.66032E-01  0.30891      0.77086      0.41377      0.73141       0.0000    
   0.0000       0.0000       2651.5       29127.      0.28466E-03  0.10943E-03
  0.93663E-04  0.74550E-04  0.27863E-03  0.10147E-02  0.34709      0.23888    
   0.0000       0.0000      0.10513E+10  0.15619E+10   0.0000       0.0000    
   10.957       17129.      0.38650E-04  0.12504E-03  0.31570E-02  0.93867E-03
  0.25789E-02  0.66651E-02  0.26549E-01  0.92215E-01   0.0000       0.0000    
   258.19       463.25       586.21       1152.2       14.355       57.994    
   0.0000       1.4071       0.0000       0.0000       0.0000       0.0000    
   0.0000       0.0000       0.0000       0.0000       0.0000       0.0000    
   0.0000       0.0000       7272.7       0.0000    
