         1         1         2        10                     07/15/11 13:05:16 
         0         1
   16.000       13.000       13.000      -425.00      -415.00      -65.000    
   5.0000       4.0000       4.0000       1.0000    
  -425.00       1.0000      -360.00       1.0000       1.0000      -160.00    
   1.0000       12.000      -100.00       1.0000       1.0000       100.00    
   1.0000       1.0000       165.00       1.0000    
  -415.00       1.0000      -350.00       1.0000       1.0000      -250.00    
   1.0000       10.000       50.000       1.0000       1.0000       115.00    
   1.0000    
  -65.000       1.0000       0.0000       1.0000       1.0000       150.00    
   1.0000       10.000       250.00       1.0000       1.0000       320.00    
   1.0000    
   100.00    
   0.0000       0.0000       0.0000       0.0000       0.0000       0.0000    
   0.0000       0.0000       0.0000       0.0000       0.0000       0.0000    
   0.0000       0.0000       0.0000       0.0000       0.0000       0.0000    
   0.0000       0.0000       0.0000       0.0000       0.0000       0.0000    
   0.0000       0.0000       0.0000       0.0000       0.0000       0.0000    
   0.0000       0.0000       0.0000      0.10232E-03   0.0000       0.0000    
   0.0000       0.0000       0.0000       0.0000       0.0000       0.0000    
   0.0000       0.0000       0.0000       0.0000      0.32510E+18   0.0000    
   0.0000      0.53089E-02   0.0000       0.0000       0.0000       0.0000    
   0.0000       0.0000       0.0000       0.0000       0.0000       0.0000    
   0.0000       0.0000       0.0000       0.0000       0.0000      0.13266E-02
   0.0000       0.0000       0.0000       0.0000       0.0000       0.0000    
   0.0000       0.0000       0.0000       0.0000       0.0000       0.0000    
   0.0000       0.0000       0.0000      0.41265E-03   0.0000      0.51002E-02
  0.65901E-02  0.10206E-01  0.15129E-01  0.27735E-01   0.0000       0.0000    
   0.0000       0.0000       0.0000       1.5604       2427.9       0.0000    
   0.0000      0.32314E-04   0.0000      0.91063E-01  0.29586       0.0000    
   0.0000       0.0000       0.0000       0.0000       0.0000       0.0000    
   0.0000       0.0000       0.0000       0.0000       0.0000      0.14986E-03
   0.0000       0.0000       0.0000       0.0000       0.0000       0.0000    
   0.0000       0.0000       0.0000       0.0000       0.0000       0.0000    
   2.0203       0.0000      0.33829E-04  0.48498E-04  0.33925E-02  0.22934E-02
  0.11681E-02  0.24901E-02  0.70589       1.8286       0.0000       0.0000    
   0.0000      0.53890       0.0000       0.0000       49.561       0.0000    
  0.18997E-04  0.48651E-04  0.44763E-03  0.54834E-03  0.29752E-02  0.35997E-02
  0.73893E-02  0.16678E-01  0.67257E-01  0.41035      0.19019      0.19708    
   1.3669       14.498       7.4282       0.0000      0.22017E-04  0.56587E-04
  0.35812E-03  0.51760E-03  0.47162E-03  0.19197E-02  0.20664E-01   3.5238    
  0.34078      0.24710      0.50220       1.0073       1.0609       2.2391    
   68.965      0.18360E+10  0.29355E-04  0.81091E-04  0.98487E-03  0.28528E-02
  0.34999E-02  0.57589E-02  0.20139E-01  0.62093E-01   1.4394      0.12406    
  0.23212      0.37829       0.0000       0.0000       17.796       9.6477    
  0.11068E-03  0.16118E-02   0.0000       0.0000       0.0000       0.0000    
   0.0000       0.0000       0.0000       0.0000       0.0000       0.0000    
   0.0000       0.0000       0.0000       0.0000       0.0000       0.0000    
   0.0000       0.0000       0.0000       0.0000       0.0000       0.0000    
   0.0000       0.0000       0.0000       0.0000       0.0000       0.0000    
   0.0000       0.0000       0.0000       0.0000       0.0000       0.0000    
   0.0000       0.0000       0.0000       0.0000       0.0000       0.0000    
   0.0000       0.0000       0.0000       0.0000       0.0000       0.0000    
   0.0000      0.10199E-02  0.38040E-02  0.81995E-02  0.31955E-01  0.49483E-01
  0.87715E-01  0.16975      0.61961       1.1492       1.5178       0.0000    
   0.0000       0.0000      0.24345E+19   0.0000       0.0000      0.43855E-03
  0.31813E-03  0.78829E-03  0.17695E-02  0.11781E-01  0.25480E-01  0.54263E-01
  0.10325      0.21724      0.37737      0.65164       1.5195       10.485    
   102.78       0.0000       0.0000      0.41103E-03  0.70168E-03  0.14363E-02
  0.16168E-02  0.46948E-02  0.11244E-01  0.24456E-01  0.53307E-01  0.96519E-01
  0.21687      0.35763      0.52003       1.9164       16.274      0.20171E+19
   0.0000      0.12355E-03  0.87189E-04  0.17998E-03  0.40030E-03  0.85618E-03
  0.19708E-02  0.45091E-02  0.10438E-01  0.22521E-01  0.45769E-01  0.91534E-01
  0.16911      0.34181       4.2288       0.0000       0.0000      0.59761E-04
  0.60800E-04  0.12647E-03  0.27759E-03  0.59919E-03  0.12867E-02  0.25839E-02
  0.55228E-02  0.11517E-01  0.22810E-01  0.45600E-01  0.84318E-01  0.12858    
  0.87924       0.0000      0.28842E-01  0.33013E-04  0.47033E-04  0.99076E-04
  0.22209E-03  0.44251E-03  0.96675E-03  0.20167E-02  0.39313E-02  0.82452E-02
  0.15162E-01  0.28141E-01  0.45114E-01  0.71229E-01  0.52007       0.0000    
  0.11184E-04  0.17812E-04  0.32197E-04  0.74000E-04  0.15714E-03  0.33071E-03
  0.70736E-03  0.14643E-02  0.29754E-02  0.58874E-02  0.10957E-01  0.20593E-01
  0.34602E-01  0.54186E-01  0.37266       117.30      0.19463E-05  0.82453E-05
  0.17134E-04  0.36393E-04  0.77857E-04  0.16274E-03  0.33137E-03  0.67016E-03
  0.13424E-02  0.26327E-02  0.50471E-02  0.88796E-02  0.14202E-01  0.22509E-01
  0.20065       2.4848      0.83933E-06  0.46421E-05  0.12133E-04  0.26215E-04
  0.55907E-04  0.12038E-03  0.25364E-03  0.52340E-03  0.10552E-02  0.20163E-02
  0.38420E-02  0.69820E-02  0.11381E-01  0.17467E-01  0.10147      0.50035    
  0.55419E-05  0.14349E-04  0.20374E-04  0.43226E-04  0.90076E-04  0.19770E-03
  0.42954E-03  0.90343E-03  0.18867E-02  0.37673E-02  0.71114E-02  0.12895E-01
  0.22741E-01  0.35909E-01  0.45801       64.000      0.16053E-04  0.51564E-04
  0.13441E-02  0.45274E-03  0.82988E-03  0.36362E-02  0.68421E-02  0.12884E-01
  0.22452E-01  0.52901E-01  0.11687       1804.1       2974.4       0.0000    
   6.5901       996.79       0.0000       0.0000       0.0000       0.0000    
   0.0000       0.0000       0.0000       0.0000       0.0000       0.0000    
   0.0000       0.0000       0.0000       0.0000       0.0000       0.0000    
   0.0000       0.0000       0.0000       0.0000       0.0000       0.0000    
   0.0000       0.0000       0.0000       0.0000       0.0000       0.0000    
   0.0000       0.0000       0.0000       0.0000       0.0000       0.0000    
   0.0000       0.0000       0.0000       0.0000       0.0000       0.0000    
   0.0000       0.0000       0.0000       0.0000       0.0000       0.0000    
   0.0000       0.0000       0.0000       0.0000       0.0000       0.0000    
   0.0000       0.0000       0.0000       0.0000       0.0000       0.0000    
   0.0000       0.0000       0.0000       0.0000       0.0000       0.0000    
   0.0000      0.24715E-02  0.22295E-03  0.58864E-03  0.12093E-02  0.12846E-01
  0.16433E-01  0.34678E-01  0.74737E-01  0.17915      0.32098      0.74356    
   1.2086       1.9187       77.979       0.0000       0.0000      0.11321E-02
  0.58911E-03  0.12033E-02  0.29621E-02  0.55599E-02  0.10608E-01  0.28898E-01
  0.64615E-01  0.23827      0.51198      0.61263      0.94111       1.5124    
   7.5868       0.0000       0.0000      0.19264E-03  0.39309E-03  0.21225E-03
  0.54394E-03  0.85565E-03  0.16471E-02  0.35749E-02  0.71228E-02  0.18148E-01
  0.35425E-01  0.87616E-01  0.16288      0.23509       7.1762       0.0000    
   0.0000      0.69304E-04  0.46369E-04  0.98766E-04  0.29355E-03  0.57896E-03
  0.16254E-02  0.37987E-02  0.10873E-01  0.29863E-01  0.49320E-01  0.16179    
  0.51821E-01  0.75432E-01   1.3347       0.0000      0.36224E-04  0.62112E-04
  0.31616E-04  0.14449E-03  0.28342E-03  0.50020E-03  0.86164E-03  0.20104E-02
  0.47970E-02  0.85901E-02  0.20688E-01  0.30399E-01  0.48064E-01  0.78482E-01
  0.86883       9195.3      0.18938E-04  0.18778E-04  0.59049E-04  0.10651E-03
  0.17751E-03  0.41754E-03  0.77816E-03  0.21538E-02  0.46597E-02  0.11908E-01
  0.20322E-01  0.37463E-01  0.51932E-01  0.73710E-01  0.49699       162.87    
  0.29643E-04  0.81098E-05  0.40585E-04  0.77424E-04  0.17458E-03  0.33917E-03
  0.12400E-02  0.40062E-02  0.78520E-02  0.14853E-01  0.26109E-01  0.44678E-01
  0.67251E-01  0.79531E-01  0.18268       20.802      0.25189E-04  0.12403E-04
  0.63666E-04  0.98231E-04  0.23015E-03  0.34154E-03  0.57623E-03  0.11326E-02
  0.39431E-02  0.80623E-02  0.15761E-01  0.30927E-01  0.52586E-01  0.57396E-01
  0.43766       47.405      0.28093E-04  0.37349E-04   0.0000       0.0000    
  0.92769E-01  0.22604      0.80544       0.0000       0.0000       0.0000    
   0.0000       0.0000       0.0000       0.0000       9.7919       8572.6    
   0.0000       0.0000       0.0000       0.0000       0.0000       0.0000    
   0.0000       0.0000       0.0000       0.0000       0.0000       0.0000    
   0.0000       0.0000       0.0000       0.0000       0.0000       0.0000    
   0.0000       0.0000       0.0000       0.0000       0.0000       0.0000    
   0.0000       0.0000       0.0000       0.0000       0.0000       0.0000    
   0.0000       0.0000       0.0000       0.0000       0.0000       0.0000    
   0.0000       0.0000       0.0000       0.0000       0.0000       0.0000    
   0.0000       0.0000       0.0000       0.0000       0.0000       0.0000    
   0.0000      0.14086       0.0000       0.0000       0.0000       0.0000    
   0.0000       0.0000       0.0000       0.0000       0.0000       0.0000    
   0.0000       0.0000      0.52380E+10   0.0000       0.0000      0.10002    
   0.0000      0.51647E-02  0.18408E-01   0.0000       0.0000       0.0000    
   0.0000       0.0000       0.0000       0.0000       0.0000       0.0000    
  0.18489E+11   0.0000       0.0000      0.77180E-03  0.17155E-03  0.27229E-02
  0.33885E-02  0.44087E-02  0.88748E-02  0.19764E-01  0.15642E-01  0.32580E-01
  0.80835E-01  0.19230      0.55175      0.75400       13.951       0.0000    
   0.0000      0.92748E-04  0.70267E-04  0.82581E-04  0.27413E-03  0.45963E-03
  0.15806E-02  0.19271E-02  0.26346E-02  0.57424E-02  0.18336E-01  0.39789E-01
  0.91387E-01  0.97887       13.001       0.0000       0.0000      0.92137E-04
  0.87910E-04  0.18567E-03  0.34629E-03  0.25484E-02  0.67160E-02  0.57568E-02
  0.89638E-02  0.16260E-01  0.25817E-01  0.52271E-01  0.43779E-01  0.11910    
   1.8450       0.0000      0.34330E-04  0.13684E-03  0.37314E-03  0.61137E-03
  0.12879E-02  0.41383E-02  0.47283E-02  0.46064E-02  0.80025E-02  0.14771E-01
  0.30123E-01  0.58486E-01  0.11753      0.31629       1.9143       2471.0    
  0.26333E-04  0.21123E-04  0.12362E-03  0.22853E-03  0.39809E-03  0.87036E-03
  0.15177E-02  0.30717E-02  0.43766E-02  0.89130E-02  0.17654E-01  0.40228E-01
  0.59898E-01  0.14115      0.57661       133.17      0.41909E-04  0.10917E-04
  0.23076E-03  0.67960E-03  0.46538E-03  0.77505E-03  0.15374E-02  0.33525E-02
  0.57243E-02  0.12063E-01  0.21529E-01  0.31479E-01  0.57752E-01  0.81438E-01
  0.19378       264.41      0.35856E-04  0.11446E-04  0.92363E-04  0.21960E-03
  0.51592E-03  0.52701E-03  0.11148E-02  0.90242E-03  0.19361E-02  0.35675E-02
  0.63304E-02  0.12295E-01  0.20050E-01  0.30617E-01  0.33464       34.991    
  0.35039E-04  0.57100E-04  0.66632E-04   0.0000       0.0000       0.0000    
  0.40331       1.3493       0.0000       0.0000       0.0000       0.0000    
   0.0000       0.0000       10.868       0.0000       0.0000       0.0000    
   0.0000       0.0000       0.0000       0.0000       0.0000       0.0000    
   0.0000       0.0000       0.0000       0.0000       0.0000       0.0000    
   0.0000       0.0000       0.0000       0.0000       0.0000       0.0000    
   0.0000       0.0000       0.0000       0.0000       0.0000       0.0000    
   0.0000       0.0000       0.0000       0.0000       0.0000       0.0000    
   0.0000       0.0000       0.0000       0.0000       0.0000       0.0000    
   0.0000       0.0000       0.0000       0.0000       0.0000       0.0000    
   0.0000       0.0000       0.0000       0.0000       0.0000      0.16071    
   0.0000       0.0000       0.0000       0.0000       0.0000       0.0000    
   0.0000       0.0000       0.0000       0.0000       0.0000      0.27156E+09
  0.61360E+10   0.0000       0.0000      0.25725       0.0000       0.0000    
  0.65962E-01  0.93017E-01   0.0000       0.0000       0.0000       0.0000    
   0.0000       0.0000       0.0000       0.0000      0.25405E+18   0.0000    
   0.0000      0.12805E-02  0.11169E-03  0.36449E-03  0.65481E-03  0.71555E-03
  0.15570E-02  0.28109E-02  0.48694E-02  0.26489E-01  0.90673E-01  0.23120    
  0.44378      0.85610       43.866       0.0000       0.0000      0.22367E-03
  0.10777E-03  0.33297E-03  0.76958E-03  0.13224E-02  0.51759       1.0531    
  0.26970E-01  0.30260E+29  0.68526E+29   0.0000       0.0000       25.999    
   5.8477       0.0000       0.0000      0.16419E-03  0.47123E-03  0.56173E-03
  0.49172E-03  0.12665E-02  0.22138E-02  0.43453E-02  0.81729E-02  0.20015E-01
  0.31645E-01  0.55669E-01  0.10371      0.21306       2.4006       0.0000    
  0.34412E-04  0.13678E-03  0.19347E-03  0.30254E-03  0.41730E-03  0.13870E-02
  0.27011E-02  0.52868E-02  0.74657E-01  0.80806E-01  0.11192      0.19422    
  0.37830      0.48864       2.9117       2709.3      0.32425E-04  0.19168E-04
  0.90586E-04  0.15629E-03  0.62860E-03  0.17123E-02  0.23076E-02  0.46258E-02
  0.85442E-02  0.27440E-01  0.68466E-01  0.92238E-01  0.16355      0.92674E-01
  0.58539       108.66      0.54052E-04  0.15003E-04  0.56333E-04  0.21194E-03
  0.39980E-03  0.10117E-02  0.19089E-02  0.48239E-02  0.96632E-02  0.17255E-01
  0.27748E-01  0.32855E-01  0.42627E-01  0.64840E-01  0.23481       514.45    
  0.47522E-04  0.10065E-04  0.29302E-04  0.56944E-04  0.12244E-03  0.25710E-03
  0.44294E-03  0.99697E-03  0.46123E-02  0.85960E-02  0.99049E-02  0.18704E-01
  0.31465E-01  0.54758E-01  0.26147       60.924      0.11505E-03  0.93112E-04
  0.19048E-01   0.0000       0.0000       0.0000       0.0000       0.0000    
   0.0000       0.0000       0.0000       0.0000       0.0000       0.0000    
   3.1470       127.86       0.0000       0.0000       0.0000       0.0000    
   0.0000       0.0000       0.0000       0.0000       0.0000       0.0000    
   0.0000       0.0000       0.0000       0.0000       0.0000       0.0000    
   0.0000       0.0000       0.0000       0.0000       0.0000       0.0000    
   0.0000       0.0000       0.0000       0.0000       0.0000       0.0000    
   0.0000       0.0000       0.0000       0.0000       0.0000      0.20923    
   0.0000       0.0000       0.0000       0.0000       0.0000       0.0000    
   0.0000       0.0000       0.0000       0.0000       0.0000       0.0000    
   0.0000       0.0000       0.0000      0.19119       0.0000       0.0000    
   0.0000       0.0000       0.0000       0.0000       0.0000       0.0000    
   0.0000       0.0000       0.0000       0.0000      0.61343E+10   0.0000    
   0.0000       0.0000       0.0000      0.30356E-03  0.19189E-01  0.83002E-02
  0.84567E-02  0.16709E-01   0.0000       0.0000       0.0000       0.0000    
   0.0000       0.0000      0.69505E+10   0.0000       0.0000      0.25872E-03
  0.17206E-02   0.0000       0.0000       0.0000       0.0000      0.77745E-02
  0.94446E-02  0.46693E-01   2.1003       10.394       5.1902       0.0000    
  0.61580E+18   0.0000       0.0000      0.29533E-03  0.18075E-03  0.10140E-02
  0.18467E-02  0.28825E-02  0.34435E-01   0.0000       0.0000       0.0000    
   0.0000       0.0000      0.33427      0.57860       5.6723       0.0000    
   0.0000      0.16504E-03  0.63475E-04  0.12752E-03  0.16301E-02  0.24279E-01
  0.27611E-01  0.13882       0.0000       0.0000       0.0000       0.0000    
   3.8078       3.9210       4.5350       0.0000      0.37451E-04  0.20672E-03
  0.30734E-03  0.34110E-03  0.58200E-03  0.25152E-02  0.41610E-02  0.68439E-02
  0.13475E-01  0.57468E-01  0.15335      0.52521       1.2679       1.6050    
   5.5037       83.435      0.37895E-04  0.19476E-04  0.67841E-04  0.11264E-03
  0.40458E-03  0.79368E-03  0.18115E-02  0.25989E-02  0.45869E-02  0.73849E-02
  0.17332E-01  0.32786E-01  0.61978E-01  0.91691E-01  0.63910       91.794    
  0.59950E-04  0.26797E-04  0.13173E-04  0.30308E-04  0.18086E-03  0.43141E-03
  0.14154E-02  0.29476E-02  0.48590E-02  0.34320E-02  0.65814E-02  0.12987E-01
  0.26218E-01  0.31662E-01  0.34799       192.73      0.50691E-04  0.11990E-04
  0.28635E-04  0.70537E-04  0.12850E-03  0.26162E-03  0.57299E-03  0.11377E-02
  0.22798E-02  0.53066E-02  0.73819E-02  0.18222E-01  0.15026E-01  0.19490E-01
  0.25222       69.803      0.45113E-04  0.81704E-04  0.33178E-01   0.0000    
   0.0000       0.0000       0.0000       0.0000       0.0000       0.0000    
   0.0000       0.0000       0.0000       0.0000       9.8060       2721.4    
   0.0000       0.0000       0.0000       0.0000       0.0000       0.0000    
   0.0000       0.0000       0.0000       0.0000       0.0000       0.0000    
   0.0000       0.0000       0.0000       0.0000       0.0000       0.0000    
   0.0000       0.0000       0.0000       0.0000       0.0000       0.0000    
   0.0000       0.0000       0.0000       0.0000       0.0000       0.0000    
   0.0000       0.0000       0.0000      0.19700       0.0000       0.0000    
   0.0000       0.0000       0.0000       0.0000       0.0000       0.0000    
   0.0000       0.0000       0.0000       0.0000       0.0000       0.0000    
   0.0000       0.0000       0.0000       0.0000       0.0000       0.0000    
   0.0000       0.0000       0.0000       0.0000       0.0000       0.0000    
   0.0000       0.0000       0.0000       0.0000       0.0000       0.0000    
  0.11055E-02  0.19603E-02   0.0000       0.0000       0.0000       0.0000    
   0.0000       0.0000       0.0000       0.0000       0.0000       0.0000    
  0.71606E+10   0.0000       0.0000      0.27282E-03  0.44064E-04  0.38636E-04
  0.96783E-04  0.12066E-03  0.53264E-03  0.57342E-03  0.25297E-02   0.0000    
   0.0000       0.0000       0.0000       0.0000      0.20953E+11   0.0000    
   0.0000      0.67719E-03  0.95922E-04  0.22364E-02  0.24489E-02  0.40406E-02
  0.70206E-02  0.17619E-01  0.42634E-02  0.84350E-02  0.15509E-01  0.53883E-01
  0.16277       5.0208       37.308       0.0000       0.0000      0.29762E-03
  0.47672E-03  0.98583E-03  0.23095E-02  0.64463E-02  0.14439       0.0000    
   0.0000       4.3993      0.12926      0.23404      0.51435       2.2769    
   4.3812       0.0000      0.69060E-04  0.34981E-03  0.21286E-03  0.59434E-03
  0.14979E-02  0.31791E-02  0.63894E-02  0.14500E-01  0.34057E-01   6.6289    
   12.815       0.0000       0.0000      0.88640       16.640       62.029    
  0.42630E-04  0.17807E-04  0.11330E-03  0.18414E-03  0.27517E-03  0.58002E-03
  0.13439E-02  0.26115E-02  0.64084E-02  0.12727E-01  0.84271E-01  0.93868    
   1.8350       1.3743      0.66079       666.85      0.58263E-04  0.38741E-04
  0.10392E-03  0.58745E-04  0.12143E-03  0.21024E-03  0.53733E-03  0.10647E-02
  0.26361E-02  0.43221E-02  0.21429E-01  0.40527E-01  0.59613E-01  0.11067    
  0.50134       311.47      0.65905E-04  0.16936E-04  0.24813E-04  0.53135E-04
  0.10634E-03  0.19005E-03  0.44062E-03  0.64252E-03  0.10827E-02  0.16509E-02
  0.20600E-02  0.25325E-02  0.30068E-02  0.49059E-02  0.15969       85.160    
  0.77013E-04  0.16886E-03   0.0000       0.0000       0.0000       0.0000    
   0.0000       0.0000       0.0000       259.08       0.0000       0.0000    
   0.0000       0.0000       9.3716       589.70       0.0000       0.0000    
   0.0000       0.0000       0.0000       0.0000       0.0000       0.0000    
   0.0000       0.0000       0.0000       0.0000       0.0000       0.0000    
   0.0000       0.0000       0.0000      0.21503       0.0000       0.0000    
   0.0000       0.0000       0.0000       0.0000       0.0000       0.0000    
   0.0000       0.0000       0.0000       0.0000       0.0000       0.0000    
   0.0000      0.11254       0.0000       0.0000       0.0000       0.0000    
   0.0000       0.0000       0.0000       0.0000       0.0000       0.0000    
   0.0000       0.0000       0.0000       0.0000       0.0000       0.0000    
   0.0000       0.0000       0.0000       0.0000       0.0000       0.0000    
   0.0000       0.0000       0.0000       0.0000       0.0000       0.0000    
   0.0000       0.0000       0.0000      0.71722E-02   0.0000       0.0000    
   0.0000       0.0000       0.0000       0.0000       0.0000       0.0000    
   0.0000       0.0000       0.0000       0.0000      0.19073E+18   0.0000    
   0.0000      0.48417E-02   0.0000       0.0000       0.0000       0.0000    
   0.0000       0.0000       0.0000       0.0000       0.0000       0.0000    
   0.0000       0.0000      0.62365E+18   0.0000       0.0000      0.64249E-03
  0.61639E-04  0.17294E-03  0.49835E-03  0.12669E-02  0.28826E-02  0.55208E-02
  0.13476E-01  0.12178      0.12211      0.58303      0.47930E+27   0.0000    
   81.122       0.0000       0.0000      0.36492E-03  0.24765E-03  0.48778E-02
  0.28462E-01  0.41165E-02  0.87907E-02  0.91537E-02  0.11768E-01  0.27457E-01
  0.58174E-01  0.16035      0.30400      0.46193       5.0944       0.0000    
  0.12021E-03  0.45979E-03  0.22591E-02  0.47077E-02  0.74507E-02  0.15499E-01
  0.22325E-01  0.53903E-01  0.27654E-01  0.60257E-01  0.12754      0.24931    
  0.43947      0.78341       27.294       46.693      0.40776E-04  0.17619E-04
  0.21398E-03  0.42011E-03  0.89204E-03  0.32145E-02  0.71718E-02  0.19323E-01
  0.17991E-01  0.31548E-01  0.25704      0.52814      0.53598      0.18889E-01
  0.62506       539.65      0.63771E-04  0.49262E-04  0.55466E-04  0.20749E-03
  0.49242E-03  0.13843E-02  0.18136E-02  0.34355E-02  0.68063E-02  0.11545E-01
  0.27756E-01  0.44091E-01  0.46428E-01  0.78340E-01  0.56954       264.79    
  0.84113E-04  0.39602E-04  0.53274E-04  0.90865E-04  0.14562E-03  0.16277E-03
  0.22416E-03  0.34460E-03  0.63707E-03  0.10205E-02  0.14890E-02  0.29912E-02
  0.53777E-02  0.19692E-01  0.76315       79.773      0.13233E-03  0.24741E-03
   6714.0       0.0000       0.0000       0.0000       0.0000       0.0000    
   0.0000       0.0000       0.0000      0.24418      0.22509       0.0000    
   1.6816       780.14       0.0000       0.0000       0.0000       0.0000    
   0.0000       0.0000       0.0000       0.0000       0.0000       0.0000    
   0.0000       0.0000       0.0000       0.0000       0.0000       0.0000    
   0.0000      0.20049       0.0000       0.0000       0.0000       0.0000    
   0.0000       0.0000       0.0000       0.0000       0.0000       0.0000    
   0.0000       0.0000       0.0000       0.0000       0.0000       0.0000    
   0.0000       0.0000       0.0000       0.0000       0.0000       0.0000    
   0.0000       0.0000       0.0000       0.0000       0.0000       0.0000    
   0.0000       0.0000       0.0000       0.0000       0.0000       0.0000    
   0.0000       0.0000       0.0000       0.0000       0.0000       0.0000    
   0.0000       0.0000       0.0000       0.0000       0.0000       0.0000    
   0.0000      0.70417E-02   0.0000       0.0000       0.0000       0.0000    
   0.0000       0.0000       0.0000       0.0000       0.0000       0.0000    
   0.0000       0.0000      0.22162E+18   0.0000       0.0000      0.23501E-02
   0.0000       0.0000       0.0000       0.0000       0.0000       0.0000    
   0.0000       0.0000       0.0000       0.0000       0.0000       2.8061    
   68.172       0.0000       0.0000      0.67121E-03  0.11251E-02  0.25638E-02
  0.37343E-02  0.76193E-02  0.10347E-01  0.34257E-01  0.96306E-01  0.16745    
  0.34762       2.4738       5.8966       0.0000       9.8955       0.0000    
   0.0000      0.61253E-03  0.12818E-03  0.30290E-03  0.76198E-03  0.14325E-02
  0.30046E-02  0.67467E-02  0.23628E-01  0.63230E-01  0.10549      0.19502    
  0.28312      0.48938       11.214       0.0000      0.87097E-04  0.51700E-03
  0.92472E-02  0.89410E-03  0.26451E-02  0.22394      0.75603      0.55775E-01
  0.11331      0.89902      0.15418      0.34698      0.64507      0.82812    
   27.014       34.127      0.41747E-04  0.16966E-04  0.10280E-03  0.29300E-03
  0.65266E-03  0.14174E-02  0.44199E-02  0.79097E-02  0.12726E-01  0.19440E-02
  0.38716E-02  0.74673E-02  0.12776E-01  0.24426E-01  0.71870       454.22    
  0.75370E-04  0.92790E-04  0.10505E-03  0.23825E-03  0.32583E-03  0.82946E-03
  0.19155E-02  0.42493E-02  0.92326E-02  0.21054E-01  0.21989E-01  0.40082E-01
  0.72989E-01  0.17975      0.64634       213.60      0.10369E-03  0.69206E-04
  0.78935E-04  0.16322E-03  0.27175E-03  0.41171E-03  0.68916E-03  0.10516E-02
  0.26809E-02  0.74034E-02  0.13981E-01  0.35064E-01  0.69195E-01  0.36546E-01
   2.0053       74.389       0.0000      0.12945E-03   7226.8       39989.    
   0.0000       0.0000       0.0000       0.0000       0.0000       0.0000    
   0.0000       0.0000       0.0000       0.0000       44.917       104.31    
   0.0000       0.0000       0.0000       0.0000       0.0000       0.0000    
   0.0000       0.0000       0.0000       0.0000       0.0000       0.0000    
   0.0000       0.0000       0.0000       0.0000       0.0000      0.18470    
   0.0000       0.0000       0.0000       0.0000       0.0000       0.0000    
   0.0000       0.0000       0.0000       0.0000       0.0000       0.0000    
   0.0000       0.0000       0.0000       0.0000       0.0000       0.0000    
   0.0000       0.0000       0.0000       0.0000       0.0000       0.0000    
   0.0000       0.0000       0.0000       0.0000       0.0000       0.0000    
   0.0000       0.0000       0.0000       0.0000       0.0000       0.0000    
   0.0000       0.0000       0.0000       0.0000       0.0000       0.0000    
   0.0000       0.0000       0.0000       0.0000       0.0000      0.35101E-02
  0.21620E-02   0.0000       0.0000       0.0000       0.0000       0.0000    
   0.0000       0.0000       0.0000       0.0000       0.0000       0.0000    
  0.20356E+18   0.0000       0.0000      0.19517E-02  0.86419E-03  0.34749E-02
   0.0000       0.0000       0.0000       0.0000       0.0000      0.10092    
  0.23262      0.26641      0.61845       2.3057      0.33332E+18   0.0000    
   0.0000      0.72390E-03  0.47219E-03  0.17960E-02  0.14144E-02  0.21902E-02
  0.49807E-02  0.89407E-02  0.24182E-01  0.46673E-01  0.86561E-01   2.0655    
   1.3497      0.39375       9.1899       0.0000       0.0000      0.10287E-02
  0.28052E-03  0.75847E-03  0.31785E-02  0.53146E-02  0.49796E-01  0.20488    
   0.0000       0.0000       0.0000       0.0000       0.0000       0.0000    
   87.869       0.0000      0.10784E-03  0.53982E-03  0.79069E-03  0.27148E-02
  0.74278E-01  0.33408E-01  0.24022E-01  0.42737E-01  0.60111E-01  0.18989    
  0.37590      0.68332       1.4645       3.0809       161.70       34.756    
  0.42056E-04  0.15681E-04  0.17123E-04  0.42536E-04  0.83924E-04  0.90813E-04
  0.21320E-03  0.41813E-03  0.76658E-03  0.15055E-02  0.66793E-01  0.38058    
  0.13023E-01  0.25140E-01  0.73346       0.0000      0.74744E-04  0.90041E-04
  0.24918E-03  0.41307E-03  0.76513E-03  0.12692E-02  0.29259E-02  0.53197E-02
  0.53640E-02  0.87066E-02  0.20698E-01  0.23239E-01  0.47640E-01  0.73591E-01
   2.8880       207.15      0.10638E-03  0.89257E-04  0.69659E-04  0.13379E-03
  0.49092E-03  0.11950E-02  0.19010E-02  0.39745E-02  0.77273E-02  0.39227E-01
  0.19912      0.18631E-01  0.36280E-01  0.61177E-01   16.091       71.867    
   0.0000      0.55351E-03   0.0000       0.0000       0.0000       0.0000    
   0.0000       0.0000       0.0000       0.0000       0.0000       0.0000    
   0.0000       0.0000       11.429       86.023       0.0000       0.0000    
   0.0000       0.0000       0.0000       0.0000       0.0000       0.0000    
   0.0000       0.0000       0.0000       0.0000       0.0000       0.0000    
   0.0000       0.0000       0.0000      0.17056      0.88452E-02   0.0000    
   0.0000       0.0000       0.0000       0.0000       0.0000       0.0000    
   0.0000       0.0000       0.0000       0.0000       0.0000       0.0000    
   0.0000       0.0000       0.0000       0.0000       0.0000       0.0000    
   0.0000       0.0000       0.0000       0.0000       0.0000       0.0000    
   0.0000       0.0000       0.0000       0.0000       0.0000       0.0000    
   0.0000       0.0000       0.0000       0.0000       0.0000       0.0000    
   0.0000       0.0000       0.0000       0.0000       0.0000       0.0000    
   0.0000       0.0000       0.0000      0.67381E-02   0.0000       0.0000    
   0.0000       0.0000       0.0000       0.0000       0.0000       0.0000    
   0.0000       0.0000       0.0000       0.0000      0.20772E+18   0.0000    
   0.0000      0.27026E-02  0.17951E-02  0.11757E-02  0.34949E-02  0.60718E-02
  0.17477E-01  0.47140E-01  0.89842E-01  0.17647       0.0000      0.23464E+27
  0.50249E+27  0.14326E+28  0.30798E+29   0.0000       0.0000      0.40983E-02
   0.0000      0.13325E-01  0.15571E-01  0.17149E-01  0.48052E-01  0.11280    
  0.81878E-01  0.28717      0.79715E-01  0.12018      0.28136      0.51796    
  0.30172E+29   0.0000       0.0000      0.81796E-03  0.39118E-02  0.27517E-02
   0.0000       0.0000       0.0000       0.0000       0.0000       0.0000    
   0.0000       0.0000       0.0000       0.0000       0.0000       0.0000    
  0.12785E-03  0.56117E-03  0.23633E-02  0.65714E-02  0.76220E-02  0.31838E-02
  0.10460E-01  0.12746      0.61482       1.4631       2.6355       47.971    
   0.0000       0.0000       0.0000       27.542      0.36535E-04  0.18044E-04
  0.51818E-05  0.15716E-04  0.41271E-04  0.15876E-03  0.44136E-02  0.11870E-01
  0.20257E-01  0.56255E-01  0.43594E-02  0.79433E-02  0.14742E-01   5.7482    
   8.3122       69.483      0.67828E-04  0.94152E-04  0.18279E-03  0.33359E-03
  0.23241E-03  0.39708E-03  0.91422E-03  0.17771E-02  0.36027E-02  0.84684E-02
  0.15613E-01  0.43138E-01   4.1408       4.8489       60.359       192.29    
  0.12759E-03  0.69542E-04  0.13495E-04  0.17691E-03  0.73877E-03  0.18692E-03
  0.40414E-03  0.10480E-02  0.18944E-02  0.38364E-02  0.80408E-02  0.18829E-01
   1.2169       1.5971       23.967       79.011      0.12745E-03  0.51012E-03
   0.0000       0.0000       0.0000       0.0000       0.0000       0.0000    
   0.0000       0.0000       0.0000       0.0000       0.0000       0.0000    
   269.23       45.386       0.0000       0.0000       0.0000       0.0000    
   0.0000       0.0000       0.0000       0.0000       0.0000       0.0000    
   0.0000       0.0000       0.0000       0.0000       0.0000       0.0000    
   0.0000       0.0000       0.0000       0.0000       0.0000       0.0000    
   0.0000       0.0000       0.0000       0.0000       0.0000       0.0000    
   0.0000       0.0000       0.0000       0.0000       0.0000       0.0000    
   0.0000       0.0000       0.0000       0.0000       0.0000       0.0000    
   0.0000       0.0000       0.0000       0.0000       0.0000       0.0000    
   0.0000       0.0000       0.0000      0.46323E-02   0.0000       0.0000    
   0.0000       0.0000       0.0000       0.0000       0.0000       0.0000    
   0.0000       0.0000       0.0000       0.0000       0.0000       0.0000    
   0.0000      0.53290E-02   0.0000       0.0000       0.0000       0.0000    
   0.0000       0.0000       0.0000       0.0000       0.0000       0.0000    
   0.0000       0.0000      0.19617E+18  0.63522E+16   0.0000      0.29258E-02
   0.0000       0.0000       0.0000       0.0000       0.0000      0.85735E+25
  0.12118E+26  0.37097E+26  0.39206E+26  0.16330E+27   0.0000       0.0000    
   0.0000       0.0000       0.0000      0.22659E-02   0.0000       0.0000    
   0.0000       0.0000       0.0000       0.0000       0.0000       0.0000    
   0.0000       0.0000       0.0000       0.0000       0.0000       0.0000    
   0.0000      0.76040E-03  0.66305E-02   0.0000       0.0000       0.0000    
   0.0000       0.0000       0.0000       0.0000       0.0000       0.0000    
   0.0000       0.0000       0.0000       0.0000      0.11989E-03  0.61231E-03
  0.17560E-02  0.17137E-02  0.49212E-02  0.28165E-01  0.43397E-01   0.0000    
   0.0000       0.0000       0.0000       0.0000       0.0000       0.0000    
   0.0000       133.39      0.32774E-04  0.66346E-04  0.83001E-05  0.10923E-04
  0.24532E-04  0.70107E-04  0.13785E-03  0.28359E-03  0.58231E-03  0.16453E-02
  0.40500E-02   14.319       19.775       28.336       7.4100       60.185    
  0.57673E-04  0.70727E-04  0.12759E-03  0.28339E-03  0.48570E-03  0.75111E-03
  0.49406E-03  0.13688E-02  0.35996E-01  0.44428      0.92903       3.5615    
   7.6929       0.0000       69.484       157.20      0.14339E-03  0.10495E-03
  0.14911E-04  0.31143E-04  0.83231E-04  0.13870E-03  0.83285E-02  0.16014E-01
  0.16198E-01  0.55320E-01  0.11672      0.40640       2155.7       5237.7    
   41.922       136.66      0.67759E-03  0.23494E-03   0.0000       0.0000    
   0.0000       0.0000       0.0000       0.0000       0.0000       0.0000    
   0.0000       0.0000       0.0000       0.0000       30.916       0.0000    
   0.0000       0.0000       0.0000       0.0000       0.0000       0.0000    
   0.0000       0.0000       0.0000       0.0000       0.0000       0.0000    
   0.0000       0.0000       0.0000       0.0000       0.0000       0.0000    
   0.0000       0.0000       0.0000       0.0000       0.0000       0.0000    
   0.0000       0.0000       0.0000       0.0000       0.0000       0.0000    
   0.0000       0.0000       0.0000       0.0000       0.0000       0.0000    
   0.0000       0.0000       0.0000       0.0000       0.0000       0.0000    
   0.0000       0.0000       0.0000       0.0000       0.0000       0.0000    
   0.0000      0.31919E-02   0.0000       0.0000       0.0000       0.0000    
   0.0000       0.0000       0.0000       0.0000       0.0000       0.0000    
   0.0000       0.0000       0.0000       0.0000       0.0000       0.0000    
   0.0000       0.0000       0.0000       0.0000       0.0000       0.0000    
   0.0000       0.0000       0.0000       0.0000       0.0000       0.0000    
  0.59527E+18  0.68010E+16   0.0000      0.27695E-02   0.0000       0.0000    
   0.0000       0.0000       0.0000       0.0000       0.0000       0.0000    
   0.0000       0.0000       0.0000       0.0000       0.0000       0.0000    
   0.0000      0.17791E-02   0.0000       0.0000       0.0000       0.0000    
   0.0000       0.0000       0.0000       0.0000       0.0000       0.0000    
   0.0000       0.0000       0.0000       0.0000       0.0000      0.95171E-03
  0.18834E-01   0.0000       0.0000       0.0000       0.0000       0.0000    
   0.0000       0.0000       0.0000       0.0000       0.0000       0.0000    
   0.0000       0.0000       0.0000      0.74623E-03  0.10043E-01   0.0000    
   0.0000       0.0000       0.0000       0.0000       0.0000       0.0000    
   0.0000       0.0000       0.0000       0.0000       0.0000       0.0000    
  0.29123E-04  0.57416E-04   0.0000       0.0000       0.0000       0.0000    
   0.0000       0.0000       0.0000       0.0000       0.0000       0.0000    
   0.0000       0.0000       7.1392       60.448      0.51728E-04  0.66870E-04
  0.19302E-03  0.41759E-03  0.51652E-03   0.0000       0.0000       0.0000    
   0.0000       0.0000       0.0000       0.0000       0.0000       0.0000    
   69.585      0.16123E+06  0.14263E-02  0.14561E-03   0.0000       0.0000    
  0.16241E-02   0.0000       0.0000       0.0000       0.0000       0.0000    
   0.0000       0.0000       0.0000       0.0000       41.066       150.05    
   0.0000      0.47919       0.0000       0.0000       0.0000       0.0000    
   0.0000       0.0000       0.0000       0.0000       0.0000       0.0000    
   0.0000       0.0000       10973.       0.0000    
