Histogram bins
      3.727E-05 
      1.013E-04 
      2.145E-04 
      4.540E-04 
      1.585E-03 
      3.355E-03 
      7.102E-03 
      1.503E-02 
      2.187E-02 
      2.418E-02 
      2.606E-02 
      3.183E-02 
      4.087E-02 
      6.738E-02 
      1.111E-01 
      1.832E-01 
      2.972E-01 
      3.688E-01 
      4.979E-01 
      6.081E-01 
      7.427E-01 
      8.208E-01 
      1.003E+00 
      1.353E+00 
      1.653E+00 
      1.921E+00 
      2.231E+00 
      2.346E+00 
      2.365E+00 
      2.466E+00 
      2.725E+00 
      3.012E+00 
      3.679E+00 
      4.966E+00 
      6.065E+00 
      7.408E+00 
      8.607E+00 
      1.000E+01 
      1.221E+01


Bin probabilities
      0.000E+00 
      5.053E-08 
      2.166E-07 
      4.996E-07 
      6.612E-06 
      1.668E-05 
      4.867E-05 
      1.471E-04 
      1.671E-04 
      6.490E-05 
      5.466E-05 
      1.881E-04 
      3.482E-04 
      1.334E-03 
      3.249E-03 
      8.233E-03 
      1.854E-02 
      1.451E-02 
      3.116E-02 
      3.098E-02 
      4.329E-02 
      2.551E-02 
      5.692E-02 
      7.870E-02 
      3.253E-02 
      1.542E-02 
      1.859E-02 
      7.882E-03 
      1.418E-03 
      7.616E-03 
      2.298E-02 
      3.276E-02 
      1.057E-01 
      2.041E-01 
      9.437E-02 
      7.469E-02 
      3.929E-02 
      2.695E-02 
      2.396E-03 