wwe:n  5.0000E-01  2.2000E+00  6.1000E+00  2.0000E+01
wwn1:n    3.2731E+02  3.3020E+02  4.1898E+02  7.9271E+02  8.3249E+02
          6.5810E+02  8.4284E+02  7.7939E+02  1.3457E+02  4.1381E+01
          1.6051E+01  6.1982E+00  2.2965E+00  8.3559E-01  2.8781E-01
          1.0161E-01  3.5980E-02  1.2535E-02  4.3944E-03  1.5187E-03
          5.3664E-04  1.8926E-04  6.8923E-05  2.6345E-05  0.0000E+00
         -1.0000E+00
wwn2:n    1.4240E+02  1.4240E+02  1.4758E+02  4.5334E+02  4.9765E+02
          4.5874E+02  5.3983E+02  5.9664E+02  3.5894E+01  1.2441E+01
          4.6033E+00  1.5963E+00  5.5720E-01  1.9021E-01  6.5803E-02
          2.4012E-02  8.6820E-03  3.1184E-03  1.1566E-03  4.3586E-04
          1.6809E-04  7.0077E-05  3.0948E-05  1.5816E-05  0.0000E+00
         -1.0000E+00
wwn3:n    4.8755E+00  4.8755E+00  4.8835E+00  5.8947E+01  5.1984E+01
          4.2198E+01  6.0283E+01  4.8516E+01  1.0026E+00  4.4754E-01
          1.9383E-01  8.3590E-02  3.6595E-02  1.5945E-02  6.9867E-03
          3.0926E-03  1.3973E-03  6.3617E-04  2.9742E-04  1.4263E-04
          7.2111E-05  3.8866E-05  2.2517E-05  1.4635E-05  0.0000E+00
         -1.0000E+00
wwn4:n    5.0000E-01  5.0000E-01  5.0000E-01  1.0378E+01  7.9624E+00
          4.5426E+00  7.1842E+00  5.9652E+00  9.4147E-02  4.9089E-02
          2.5173E-02  1.2919E-02  6.6520E-03  3.4490E-03  1.8058E-03
          9.5124E-04  5.0864E-04  2.7762E-04  1.5605E-04  9.0160E-05
          5.3396E-05  3.2916E-05  2.1670E-05  1.5405E-05  0.0000E+00
         -1.0000E+00
