wwe:n  5.0000E-01  2.2000E+00  6.1000E+00  2.0000E+01
wwn1:n    9.1016E+01  9.2202E+01  2.9883E+02  3.1402E+03  2.3820E+02
          3.6439E+03  1.9696E+02  0.0000E+00  8.0250E+01  3.6967E+01
          1.2688E+01  4.3161E+00  1.4594E+00  4.9789E-01  1.8883E-01
          7.0684E-02  2.5724E-02  8.7803E-03  3.4744E-03  1.2404E-03
          4.1857E-04  1.5240E-04  5.8752E-05  2.1937E-05  0.0000E+00
         -1.0000E+00
wwn2:n    1.0506E+02  1.0428E+02  1.0974E+02  1.3640E+03  0.0000E+00
          0.0000E+00  1.2297E+03  3.1111E+02  2.5967E+01  1.2120E+01
          3.3701E+00  1.3180E+00  4.0337E-01  9.3688E-02  4.2752E-02
          1.7890E-02  5.6173E-03  2.0471E-03  8.4829E-04  3.4594E-04
          1.2909E-04  5.6121E-05  2.5672E-05  1.2540E-05  0.0000E+00
         -1.0000E+00
wwn3:n    3.7206E+00  3.7105E+00  3.7096E+00  6.9596E+01  4.1261E+01
          5.5827E+01  0.0000E+00  0.0000E+00  7.2151E-01  3.3550E-01
          1.4329E-01  6.2240E-02  2.6761E-02  1.1578E-02  5.4871E-03
          2.4046E-03  1.0705E-03  5.2176E-04  2.4535E-04  1.1775E-04
          5.6315E-05  3.0506E-05  1.7560E-05  1.1759E-05  0.0000E+00
         -1.0000E+00
wwn4:n    5.0000E-01  5.0000E-01  5.0000E-01  0.0000E+00  5.9646E+00
          0.0000E+00  0.0000E+00  8.5456E+01  8.9798E-02  4.5446E-02
          2.3191E-02  1.1816E-02  6.1201E-03  3.1821E-03  1.6109E-03
          8.1471E-04  4.2397E-04  2.4737E-04  1.4322E-04  8.1191E-05
          4.7969E-05  2.9487E-05  1.8404E-05  1.3089E-05  0.0000E+00
         -1.0000E+00
