wwe:n  5.0000E-01  2.2000E+00  6.1000E+00  2.0000E+01
wwn1:n    4.2417E+02  4.2601E+02  4.7440E+02  1.0460E+03  7.9446E+02
          7.8404E+02  8.2406E+02  6.2567E+02  1.4885E+02  4.5131E+01
          1.7562E+01  6.5134E+00  2.3584E+00  8.4268E-01  2.9067E-01
          9.9653E-02  3.4617E-02  1.1986E-02  4.1654E-03  1.4444E-03
          5.0155E-04  1.7675E-04  6.3651E-05  2.4295E-05  0.0000E+00
         -1.0000E+00
wwn2:n    1.6076E+02  1.6079E+02  1.6621E+02  6.1931E+02  6.1484E+02
          6.6297E+02  6.0478E+02  2.0058E+02  4.1743E+01  1.3698E+01
          4.5870E+00  1.5634E+00  5.3693E-01  1.8229E-01  6.4145E-02
          2.3091E-02  8.1579E-03  2.9048E-03  1.0990E-03  4.0216E-04
          1.5686E-04  6.4494E-05  2.8824E-05  1.4748E-05  0.0000E+00
         -1.0000E+00
wwn3:n    4.8397E+00  4.8398E+00  4.8512E+00  7.0544E+01  7.5255E+01
          4.8636E+01  8.5987E+01  3.9500E+01  9.7110E-01  4.2740E-01
          1.8558E-01  7.9245E-02  3.4194E-02  1.4860E-02  6.5180E-03
          2.8791E-03  1.2931E-03  5.9273E-04  2.7906E-04  1.3391E-04
          6.8094E-05  3.6165E-05  2.1038E-05  1.3815E-05  0.0000E+00
         -1.0000E+00
wwn4:n    5.0000E-01  5.0000E-01  5.0000E-01  8.9975E+00  5.7373E+00
          4.8640E+00  1.0809E+01  5.4771E+00  9.1597E-02  4.7234E-02
          2.4030E-02  1.2246E-02  6.2368E-03  3.2436E-03  1.6845E-03
          8.9175E-04  4.7718E-04  2.6134E-04  1.4695E-04  8.3258E-05
          4.9287E-05  3.0411E-05  2.0247E-05  1.4391E-05  0.0000E+00
         -1.0000E+00
