wwe:n  5.0000E-01  2.2000E+00  6.1000E+00  2.0000E+01
wwn1:n    0.0000E+00  0.0000E+00  0.0000E+00  0.0000E+00  0.0000E+00
          0.0000E+00  0.0000E+00  0.0000E+00  0.0000E+00  0.0000E+00
          0.0000E+00  0.0000E+00  0.0000E+00  0.0000E+00  0.0000E+00
          0.0000E+00  0.0000E+00  0.0000E+00  0.0000E+00  0.0000E+00
          0.0000E+00  0.0000E+00  4.5101E-02  1.0997E-02  0.0000E+00
         -1.0000E+00
wwn2:n    0.0000E+00  0.0000E+00  0.0000E+00  0.0000E+00  0.0000E+00
          0.0000E+00  0.0000E+00  5.2062E-02  0.0000E+00  0.0000E+00
          0.0000E+00  0.0000E+00  0.0000E+00  0.0000E+00  0.0000E+00
          0.0000E+00  0.0000E+00  0.0000E+00  0.0000E+00  0.0000E+00
          0.0000E+00  0.0000E+00  0.0000E+00  4.4875E-02  0.0000E+00
         -1.0000E+00
wwn3:n    0.0000E+00  0.0000E+00  0.0000E+00  0.0000E+00  0.0000E+00
          0.0000E+00  0.0000E+00  8.0085E-03  0.0000E+00  0.0000E+00
          0.0000E+00  0.0000E+00  0.0000E+00  0.0000E+00  0.0000E+00
          0.0000E+00  4.2915E-01  1.5436E-01  8.7798E-02  7.1404E-02
          6.7077E-02  3.4297E-04  2.7228E-04  1.7765E-02  0.0000E+00
         -1.0000E+00
wwn4:n    5.0000E-01  5.0000E-01  5.0000E-01  0.0000E+00  0.0000E+00
          0.0000E+00  0.0000E+00  0.0000E+00  5.0000E-01  4.7097E-01
          3.0972E-01  2.1389E-01  1.1263E-01  4.0615E-02  1.6325E-02
          6.0603E-03  4.3871E-03  2.4699E-03  1.1787E-03  9.8098E-04
          6.8312E-04  3.5525E-04  2.2410E-02  1.1172E-02  0.0000E+00
         -1.0000E+00
