wwe:n  5.0000E-01  2.2000E+00  6.1000E+00  2.0000E+01
wwn1:n    3.0191E+02  3.0393E+02  4.0074E+02  7.4856E+02  8.2978E+02
          6.7560E+02  7.8133E+02  6.9712E+02  1.3549E+02  4.1757E+01
          1.6670E+01  6.2643E+00  2.2671E+00  8.0379E-01  2.7786E-01
          9.7289E-02  3.4773E-02  1.2317E-02  4.3080E-03  1.5145E-03
          5.2912E-04  1.8678E-04  6.7671E-05  2.5861E-05  0.0000E+00
         -1.0000E+00
wwn2:n    1.5150E+02  1.5156E+02  1.5448E+02  5.6580E+02  4.8659E+02
          4.2461E+02  4.9646E+02  5.8405E+02  4.1034E+01  1.3260E+01
          4.3879E+00  1.5119E+00  5.4679E-01  1.8636E-01  6.8194E-02
          2.4222E-02  8.7140E-03  3.1051E-03  1.1521E-03  4.2988E-04
          1.6508E-04  6.8111E-05  3.0985E-05  1.5644E-05  0.0000E+00
         -1.0000E+00
wwn3:n    4.8052E+00  4.8052E+00  4.8158E+00  5.9564E+01  4.5882E+01
          4.6702E+01  5.1596E+01  6.0314E+01  9.8765E-01  4.3697E-01
          1.8902E-01  8.1842E-02  3.5495E-02  1.5406E-02  6.7723E-03
          3.0311E-03  1.3637E-03  6.2272E-04  2.9184E-04  1.4069E-04
          7.1232E-05  3.8379E-05  2.2416E-05  1.4491E-05  0.0000E+00
         -1.0000E+00
wwn4:n    5.0000E-01  5.0000E-01  5.0000E-01  1.0291E+01  5.4417E+00
          4.5151E+00  7.7381E+00  4.3585E+00  9.4451E-02  4.9672E-02
          2.5447E-02  1.2969E-02  6.6461E-03  3.4416E-03  1.8014E-03
          9.4850E-04  5.0925E-04  2.7846E-04  1.5591E-04  8.9331E-05
          5.2854E-05  3.2971E-05  2.1683E-05  1.5603E-05  0.0000E+00
         -1.0000E+00
