wwe:n  5.0000E-01  2.2000E+00  6.1000E+00  2.0000E+01
wwn1:n    5.3704E+02  5.4393E+02  3.9970E+02  4.7743E+02  0.0000E+00
          1.4859E+03  5.0322E+02  3.6228E+02  1.4717E+02  5.1420E+01
          1.9045E+01  5.9864E+00  2.8586E+00  1.0759E+00  3.4950E-01
          1.1408E-01  4.1510E-02  1.4208E-02  5.0997E-03  1.5722E-03
          5.3433E-04  1.8106E-04  6.6502E-05  2.5981E-05  0.0000E+00
         -1.0000E+00
wwn2:n    1.8810E+02  1.8671E+02  1.9825E+02  1.9816E+02  3.7815E+03
          0.0000E+00  5.2191E+02  6.9744E+01  7.1130E+01  2.9636E+01
          7.1749E+00  2.5430E+00  8.0201E-01  2.0540E-01  8.1735E-02
          3.8688E-02  1.1949E-02  4.3425E-03  1.1908E-03  4.3977E-04
          1.6508E-04  6.9028E-05  3.1846E-05  1.6270E-05  0.0000E+00
         -1.0000E+00
wwn3:n    5.9418E+00  5.9256E+00  5.9664E+00  5.8612E+01  4.8399E+02
          3.4929E+02  8.7371E+01  1.2612E+02  1.1989E+00  5.2726E-01
          2.1859E-01  9.8168E-02  4.2072E-02  1.7515E-02  8.1012E-03
          3.5146E-03  1.5699E-03  7.2066E-04  3.3096E-04  1.6059E-04
          7.8192E-05  3.9709E-05  2.3265E-05  1.5016E-05  0.0000E+00
         -1.0000E+00
wwn4:n    5.0000E-01  5.0000E-01  5.0000E-01  0.0000E+00  7.0828E+00
          6.1800E+00  9.3767E+00  0.0000E+00  9.0016E-02  4.5157E-02
          2.1909E-02  1.1325E-02  5.8835E-03  3.1621E-03  1.6369E-03
          8.9046E-04  4.8032E-04  2.5158E-04  1.3837E-04  8.1595E-05
          5.1316E-05  3.2340E-05  2.2284E-05  1.5623E-05  0.0000E+00
         -1.0000E+00
