wwe:n  5.0000E-01  2.2000E+00  6.1000E+00  2.0000E+01
wwn1:n    4.0753E+02  4.0699E+02  5.1603E+02  8.8843E+02  9.8463E+02
          9.2975E+02  9.9347E+02  8.1483E+02  1.6407E+02  4.8712E+01
          1.7819E+01  6.5014E+00  2.3521E+00  8.5042E-01  2.9661E-01
          1.0428E-01  3.6533E-02  1.2799E-02  4.4224E-03  1.5368E-03
          5.4035E-04  1.8953E-04  6.8524E-05  2.6238E-05  0.0000E+00
         -1.0000E+00
wwn2:n    1.7745E+02  1.7750E+02  1.8143E+02  5.7905E+02  5.1847E+02
          5.8977E+02  5.8640E+02  1.6720E+02  4.0640E+01  1.3476E+01
          4.7600E+00  1.6547E+00  5.9215E-01  2.0495E-01  7.1327E-02
          2.4138E-02  8.7272E-03  3.2322E-03  1.1407E-03  4.3610E-04
          1.6563E-04  6.9633E-05  3.1228E-05  1.6125E-05  0.0000E+00
         -1.0000E+00
wwn3:n    5.2698E+00  5.2698E+00  5.2771E+00  3.0461E+01  4.4557E+01
          5.5025E+01  1.4228E+02  4.6424E+01  1.0473E+00  4.6088E-01
          1.9518E-01  8.3051E-02  3.6153E-02  1.5975E-02  6.9821E-03
          3.0910E-03  1.4090E-03  6.3643E-04  2.9906E-04  1.4480E-04
          7.2464E-05  3.9574E-05  2.2823E-05  1.4694E-05  0.0000E+00
         -1.0000E+00
wwn4:n    5.0000E-01  5.0000E-01  5.0000E-01  4.9914E+02  1.6920E+01
          1.0815E+01  1.8777E+02  1.3058E+01  8.9065E-02  4.6593E-02
          2.4252E-02  1.3184E-02  6.7935E-03  3.5683E-03  1.8495E-03
          9.9003E-04  5.3165E-04  2.9474E-04  1.6298E-04  9.3438E-05
          5.4744E-05  3.4253E-05  2.2265E-05  1.6018E-05  0.0000E+00
         -1.0000E+00
