wwe:n  5.0000E-01  2.2000E+00  6.1000E+00  2.0000E+01
wwn1:n    1.8033E+03  1.7487E+03  5.4729E+02  2.1307E+03  3.8449E+02
          0.0000E+00  6.3871E+02  7.8419E+02  1.4926E+02  5.8644E+01
          1.8327E+01  6.5851E+00  2.3193E+00  8.4782E-01  3.4657E-01
          1.1660E-01  3.9165E-02  1.3748E-02  4.8569E-03  1.4647E-03
          4.8772E-04  1.7265E-04  6.7577E-05  2.5811E-05  0.0000E+00
         -1.0000E+00
wwn2:n    1.9840E+02  2.0294E+02  1.9563E+02  0.0000E+00  0.0000E+00
          0.0000E+00  3.2473E+02  3.4056E+02  5.9201E+01  3.3492E+01
          1.4016E+01  3.9005E+00  1.3045E+00  3.2780E-01  1.1054E-01
          3.1201E-02  1.0109E-02  3.0959E-03  1.1848E-03  3.5812E-04
          1.4620E-04  6.6476E-05  3.0748E-05  1.6628E-05  0.0000E+00
         -1.0000E+00
wwn3:n    6.0002E+00  5.9478E+00  5.9433E+00  3.8910E+01  4.1521E+02
          9.5379E+01  4.7782E+01  2.8119E+01  1.2058E+00  5.2011E-01
          2.2543E-01  9.6008E-02  4.1888E-02  1.7581E-02  7.5885E-03
          3.1353E-03  1.3843E-03  6.1622E-04  2.9878E-04  1.4434E-04
          7.3553E-05  3.9086E-05  2.3982E-05  1.4849E-05  0.0000E+00
         -1.0000E+00
wwn4:n    5.0000E-01  5.0099E-01  5.0099E-01  1.5007E+01  5.1218E+00
          7.2348E+00  8.0279E+00  1.6540E+00  9.3618E-02  4.7969E-02
          2.4926E-02  1.2717E-02  6.3384E-03  3.3933E-03  1.7555E-03
          9.3129E-04  4.9890E-04  2.8800E-04  1.5233E-04  9.2557E-05
          5.6145E-05  3.3891E-05  2.3122E-05  1.5750E-05  0.0000E+00
         -1.0000E+00
