wwe:n  5.0000E-01  2.2000E+00  6.1000E+00  2.0000E+01
wwn1:n    4.5630E+02  4.4717E+02  5.1843E+02  8.1250E+02  8.6917E+02
          8.7074E+02  6.4458E+02  5.5361E+02  1.6180E+02  4.4301E+01
          1.7237E+01  6.3465E+00  2.2268E+00  7.8862E-01  2.8193E-01
          9.8215E-02  3.3938E-02  1.1725E-02  4.1091E-03  1.4410E-03
          5.0132E-04  1.7484E-04  6.3171E-05  2.4050E-05  0.0000E+00
         -1.0000E+00
wwn2:n    1.5133E+02  1.5133E+02  1.5399E+02  5.4469E+02  7.7484E+02
          6.3945E+02  4.2419E+02  3.0107E+02  3.8547E+01  1.1953E+01
          3.8084E+00  1.3014E+00  4.8801E-01  1.8677E-01  6.5208E-02
          2.2871E-02  7.9642E-03  2.8011E-03  1.0455E-03  4.0637E-04
          1.5634E-04  6.4167E-05  2.8421E-05  1.4544E-05  0.0000E+00
         -1.0000E+00
wwn3:n    4.8461E+00  4.8461E+00  4.8485E+00  5.9284E+01  5.9221E+01
          4.3740E+01  5.2245E+01  3.1445E+01  9.7832E-01  4.2974E-01
          1.8478E-01  7.9207E-02  3.4274E-02  1.4966E-02  6.5404E-03
          2.8816E-03  1.2928E-03  5.9323E-04  2.7911E-04  1.3597E-04
          6.7115E-05  3.5611E-05  2.0641E-05  1.3534E-05  0.0000E+00
         -1.0000E+00
wwn4:n    5.0000E-01  5.0000E-01  5.0000E-01  1.2804E+01  5.7355E+00
          5.9902E+00  1.1343E+01  6.0977E+00  9.0668E-02  4.6966E-02
          2.3864E-02  1.2137E-02  6.2551E-03  3.2305E-03  1.6829E-03
          8.8888E-04  4.7595E-04  2.6097E-04  1.4466E-04  8.2382E-05
          4.8510E-05  3.0915E-05  2.0302E-05  1.4578E-05  0.0000E+00
         -1.0000E+00
