  1117.11m    1.000000 0.00000e+00  11/21/99





       78     1117        1        0        7        6        6        0
        0        0        0        1        0        0        0        0
        1       15        0        0        0       22        0        0
        0        0        0        0       29        0        0        0
        0        0        0        0        0        0        0        0
        0        0        0        0        0        0        0        0
 5.6765000000000E+00 6.8105900000000E-01 4.5830260000000E-03 2.6026000000000E-05
 2.3125000000000E-06 3.6250000000000E-07 5.0005000000000E-08 8.6470000000000E+00
 1.3438820000000E+00 9.0699480000000E-03 4.4052000000000E-05 3.3750000000000E-06
 5.2500000000000E-07 9.9990000000000E-08 1.5920600000000E-01 4.1297000000000E-01
 5.9031000000000E-01 5.8435000000000E-01 7.1800000000000E-01 1.2544500000000E+00
 2.6503800000000E+00 6.0105000000000E-04 1.5793000000000E-05 3.3716000000000E-04
 1.9406000000000E-03 5.7416000000000E-03 1.5001000000000E-02 3.7239000000000E-02
 3.0000000000000E+01 4.4477676916000E-02 1.1340000000000E-01 7.2347000000000E-04
 3.7499000000000E-06 5.3184000000000E-08 0.0000000000000E+00 0.0000000000000E+00
 0.0000000000000E+00 2.8233431090000E-01 1.2994000000000E-01 6.2340000000000E-04
 4.8002000000000E-05 7.4486000000000E-06 1.0455000000000E-06 0.0000000000000E+00
 0.0000000000000E+00 3.4525610000000E-01 2.2457000000000E-01 1.6999000000000E-02
 2.6443000000000E-03 5.0344000000000E-04 0.0000000000000E+00 0.0000000000000E+00
 0.0000000000000E+00 9.1028400000000E-02 4.1551000000000E-01 6.3732000000000E-02
 1.2139000000000E-02 0.0000000000000E+00 0.0000000000000E+00 0.0000000000000E+00
 7.1437000000000E-05 1.3913796300000E-01 5.1182000000000E-01 6.1229000000000E-02
 0.0000000000000E+00 0.0000000000000E+00 0.0000000000000E+00 0.0000000000000E+00
 2.2157000000000E-03 6.9991330000000E-01 5.3732000000000E-01 0.0000000000000E+00
 0.0000000000000E+00 0.0000000000000E+00 0.0000000000000E+00 0.0000000000000E+00
 1.3244000000000E-01 2.4807010000000E+00
