  1112.11m    1.000000 0.00000e+00  11/21/99





       99     1112        1        0        7        6        6        0
        0        1        0        1        0        0        0        0
        1       15       22       29       36       43        0        0
        0        0        0        0       50        0        0        0
        0        0        0        0        0        0        0        0
        0        0        0        0        0        0        0        0
 5.6765000000000E+00 6.8105900000000E-01 4.5830260000000E-03 2.6026000000000E-05
 2.3125000000000E-06 3.6250000000000E-07 5.0005000000000E-08 8.6470000000000E+00
 1.3438820000000E+00 9.0699480000000E-03 4.4052000000000E-05 3.3750000000000E-06
 5.2500000000000E-07 9.9990000000000E-08 1.7873100000000E-01 3.3084900000000E-01
 4.8377190000000E-01 5.6692170000000E-01 4.2622660000000E-01 6.7899690000000E-01
 6.8285210000000E-01 7.6270442122121E-03 8.7689815680351E-04 5.6983483825459E-03
 2.2887154768862E-02 1.0763467739054E-02 2.3275654180811E-01 2.4896754267644E-01
 2.8520878330782E+00 2.8909856638780E+00 2.8548623053355E+00 2.8607312993347E+00
 2.8544703941949E+00 2.8641515070696E+00 2.8678035390657E+00 5.8791000000000E-01
 4.1176000000000E-01 3.3906000000000E-04 1.1761000000000E-07 0.0000000000000E+00
 0.0000000000000E+00 0.0000000000000E+00 8.0685578778786E-04 2.8808018431965E-03
 2.2271651617454E-02 8.1322845231138E-02 1.2917653226095E-01 1.7642345819189E-01
 1.6038245732356E-01 5.1000000000000E+01 1.2887586595950E-01 4.1413000000000E-02
 8.2290000000000E-06 5.0405000000000E-09 0.0000000000000E+00 0.0000000000000E+00
 0.0000000000000E+00 0.0000000000000E+00 3.2545179840180E-01 1.6395000000000E-03
 1.5982000000000E-09 0.0000000000000E+00 0.0000000000000E+00 0.0000000000000E+00
 0.0000000000000E+00 0.0000000000000E+00 4.5318770000000E-01 2.6142000000000E-03
 0.0000000000000E+00 0.0000000000000E+00 0.0000000000000E+00 0.0000000000000E+00
 0.0000000000000E+00 0.0000000000000E+00 4.5717230000000E-01 5.5394000000000E-03
 0.0000000000000E+00 0.0000000000000E+00 0.0000000000000E+00 0.0000000000000E+00
 0.0000000000000E+00 1.6046000000000E-04 2.7681343083440E-01 9.3127000000000E-03
 9.1656000000000E-09 0.0000000000000E+00 0.0000000000000E+00 0.0000000000000E+00
 0.0000000000000E+00 2.0051000000000E-03 2.5296180000000E-01 1.4850000000000E-02
 0.0000000000000E+00 0.0000000000000E+00 0.0000000000000E+00 0.0000000000000E+00
 0.0000000000000E+00 8.4948000000000E-03 2.6500730000000E-01
