  1118.11m    1.000000 0.00000e+00  02/09/01
 
 
 
 
 
       78     1118        1        0        7        6        6        0
        0        0        0        1        0        0        0        0
        1       15        0        0        0       22        0        0
        0        0        0        0       29        0        0        0
       30        0        0        0        0        0        0        0
        0        0        0        0        0        0        0        0
 0.5676500000000E+01 0.6810590000000E+00 0.4583025999069E-02 0.2602599906921E-04
 0.2312500000000E-05 0.3625000007451E-06 0.5000500074493E-07 0.8647000000000E+01
 0.1343882000000E+01 0.9069948001862E-02 0.4405199813843E-04 0.3375000000000E-05
 0.5249999985099E-06 0.9999000149037E-07 0.2167677080295E+00 0.4800978728992E+00
 0.8863688347369E+00 0.9700089346840E+00 0.9104815615843E+00 0.1137750512430E+01
 0.1840484185765E+01 0.1704900397233E-02 0.8362239518401E-02 0.8379009422250E-01
 0.3977968805691E+00 0.6987632611774E+00 0.9295083554044E+00 0.1178356403624E+01
 0.3000000000000E+02 0.1705631213560E+00 0.4440119144849E-01 0.9836704170848E-04
 0.1277861033897E-06 0.0000000000000E+00 0.0000000000000E+00 0.0000000000000E+00
 0.0000000000000E+00 0.4710501527244E+00 0.6854802650143E-03 0.3913953799028E-09
 0.0000000000000E+00 0.0000000000000E+00 0.0000000000000E+00 0.0000000000000E+00
 0.0000000000000E+00 0.8018586081390E+00 0.7201323754160E-03 0.0000000000000E+00
 0.0000000000000E+00 0.0000000000000E+00 0.0000000000000E+00 0.0000000000000E+00
 0.0000000000000E+00 0.5707519023261E+00 0.1460151788826E-02 0.0000000000000E+00
 0.0000000000000E+00 0.0000000000000E+00 0.0000000000000E+00 0.0000000000000E+00
 0.6555619668361E-04 0.2078378846895E+00 0.3814855823121E-02 0.3697601122709E-08
 0.0000000000000E+00 0.0000000000000E+00 0.0000000000000E+00 0.0000000000000E+00
 0.1024271628079E-02 0.2024649855670E+00 0.4752899831065E-02 0.0000000000000E+00
 0.0000000000000E+00 0.0000000000000E+00 0.0000000000000E+00 0.0000000000000E+00
 0.3530434444617E-02 0.6585973476964E+00
 
