  1111.11m    1.000000 0.00000e+00  11/21/99





       99     1111        1        0        7        6        6        0
        0        1        0        1        0        0        0        0
        1       15       22       29       36       43        0        0
        0        0        0        0       50        0        0        0
        0        0        0        0        0        0        0        0
        0        0        0        0        0        0        0        0
 5.6765000000000E+00 6.8105900000000E-01 4.5830260000000E-03 2.6026000000000E-05
 2.3125000000000E-06 3.6250000000000E-07 5.0005000000000E-08 8.6470000000000E+00
 1.3438820000000E+00 9.0699480000000E-03 4.4052000000000E-05 3.3750000000000E-06
 5.2500000000000E-07 9.9990000000000E-08 1.7794900000000E-01 3.2980500000000E-01
 4.8038830000000E-01 5.5436690000000E-01 3.1180060000000E-01 3.9516760000000E-01
 5.6440600000000E-01 7.2120626332368E-03 8.1930075115005E-04 6.4531985889922E-03
 1.8564785846012E-02 1.7808364949343E-02 8.3034759224956E-02 2.1600377732320E-01
 2.7814511631601E+00 2.4744271223410E+00 2.4338318096690E+00 2.4338013039728E+00
 2.4338000778448E+00 2.4338000361090E+00 2.4338000312531E+00 5.8791000000000E-01
 4.1176000000000E-01 3.3906000000000E-04 1.1761000000000E-07 0.0000000000000E+00
 0.0000000000000E+00 0.0000000000000E+00 8.1273736676316E-04 2.8980992488500E-03
 2.0315801411008E-02 7.7671214153988E-02 1.2211635050657E-02 2.8225240775044E-02
 6.6776222676797E-02 5.1000000000000E+01 1.2753675708370E-01 4.2378000000000E-02
 9.4374000000000E-06 5.5163000000000E-09 0.0000000000000E+00 0.0000000000000E+00
 0.0000000000000E+00 0.0000000000000E+00 3.2445619685730E-01 1.6314000000000E-03
 3.1427000000000E-09 0.0000000000000E+00 0.0000000000000E+00 0.0000000000000E+00
 0.0000000000000E+00 0.0000000000000E+00 4.5094010000000E-01 2.6792000000000E-03
 0.0000000000000E+00 0.0000000000000E+00 0.0000000000000E+00 0.0000000000000E+00
 0.0000000000000E+00 0.0000000000000E+00 4.5256450000000E-01 5.5664000000000E-03
 0.0000000000000E+00 0.0000000000000E+00 0.0000000000000E+00 0.0000000000000E+00
 0.0000000000000E+00 1.2525000000000E-04 2.7140033997900E-01 1.0255000000000E-02
 1.0021000000000E-08 0.0000000000000E+00 0.0000000000000E+00 0.0000000000000E+00
 0.0000000000000E+00 1.2968000000000E-03 2.6580180000000E-01 1.6809000000000E-02
 0.0000000000000E+00 0.0000000000000E+00 0.0000000000000E+00 0.0000000000000E+00
 0.0000000000000E+00 8.5458000000000E-03 2.7308020000000E-01



