  1116.11m    1.000000 0.00000e+00  11/21/99





       78     1116        1        0        7        6        6        0
        0        1        0        1        0        0        0        0
        1       15        0        0        0       22        0        0
        0        0        0        0       29        0        0        0
        0        0        0        0        0        0        0        0
        0        0        0        0        0        0        0        0
 5.6765000000000E+00 6.8105900000000E-01 4.5830260000000E-03 2.6026000000000E-05
 2.3125000000000E-06 3.6250000000000E-07 5.0005000000000E-08 8.6470000000000E+00
 1.3438820000000E+00 9.0699480000000E-03 4.4052000000000E-05 3.3750000000000E-06
 5.2500000000000E-07 9.9990000000000E-08 1.2603200000000E-01 2.9316000000000E-01
 2.8424000000000E-01 2.8096000000000E-01 3.3444000000000E-01 5.6564000000000E-01
 1.1721500000000E+00 5.1132000000000E-04 7.5801000000000E-05 3.1572000000000E-04
 1.1582000000000E-03 3.3975000000000E-03 9.1878000000000E-03 2.3242000000000E-02
 3.0000000000000E+01 6.6165857158000E-02 5.9070000000000E-02 2.8334000000000E-04
 1.4622000000000E-06 2.0642000000000E-08 0.0000000000000E+00 0.0000000000000E+00
 0.0000000000000E+00 2.4037665110000E-01 5.2435000000000E-02 2.4990000000000E-04
 1.9239000000000E-05 2.9875000000000E-06 4.2140000000000E-07 0.0000000000000E+00
 0.0000000000000E+00 1.8329671000000E-01 9.2397000000000E-02 6.9446000000000E-03
 1.0803000000000E-03 2.0567000000000E-04 0.0000000000000E+00 0.0000000000000E+00
 0.0000000000000E+00 7.8851100000000E-02 1.7014000000000E-01 2.5881000000000E-02
 4.9297000000000E-03 0.0000000000000E+00 0.0000000000000E+00 0.0000000000000E+00
 3.7333000000000E-05 9.9737167000000E-02 2.0679000000000E-01 2.4478000000000E-02
 0.0000000000000E+00 0.0000000000000E+00 0.0000000000000E+00 0.0000000000000E+00
 9.1726000000000E-04 3.1676494000000E-01 2.3877000000000E-01 0.0000000000000E+00
 0.0000000000000E+00 0.0000000000000E+00 0.0000000000000E+00 0.0000000000000E+00
 4.9792000000000E-02 1.0991160000000E+00

