  1115.11m    1.000000 0.00000e+00  11/21/99





       99     1115        1        0        7        6        6        0
        0        1        0        1        0        0        0        0
        1       15       22       29       36       43        0        0
        0        0        0        0       50        0        0        0
        0        0        0        0        0        0        0        0
        0        0        0        0        0        0        0        0
 5.6765000000000E+00 6.8105900000000E-01 4.5830260000000E-03 2.6026000000000E-05
 2.3125000000000E-06 3.6250000000000E-07 5.0005000000000E-08 8.6470000000000E+00
 1.3438820000000E+00 9.0699480000000E-03 4.4052000000000E-05 3.3750000000000E-06
 5.2500000000000E-07 9.9990000000000E-08 1.2603200000000E-01 2.9316000000000E-01
 2.8425000000000E-01 2.8102000000000E-01 3.3446000000000E-01 5.6564000000000E-01
 1.1721400000000E+00 4.7900160342837E-09 5.8256409423365E-09 4.6371928671214E-07
 5.2440627824801E-06 1.4538992521982E-07 7.1497247103295E-07 2.0804092365848E-06
 2.7628300000000E+00 2.4623900000000E+00 2.4338000000000E+00 2.4338000000000E+00
 2.4338000000000E+00 2.4338000000000E+00 2.4338000000000E+00 5.8791000000000E-01
 4.1176000000000E-01 3.3906000000000E-04 1.1761000000000E-07 0.0000000000000E+00
 0.0000000000000E+00 0.0000000000000E+00 5.1131520998397E-04 7.5807174359058E-05
 3.1596628071329E-04 1.1622559372175E-03 3.3975546100748E-03 9.1878850275290E-03
 2.3241919590763E-02 5.1000000000000E+01 6.6165857158000E-02 5.9070000000000E-02
 2.8334000000000E-04 1.4622000000000E-06 2.0642000000000E-08 0.0000000000000E+00
 0.0000000000000E+00 0.0000000000000E+00 2.4037663910000E-01 5.2435000000000E-02
 2.4990000000000E-04 1.9239000000000E-05 2.9875000000000E-06 4.2140000000000E-07
 0.0000000000000E+00 0.0000000000000E+00 1.8342464000000E-01 9.2288000000000E-02
 6.9365000000000E-03 1.0790000000000E-03 2.0543000000000E-04 0.0000000000000E+00
 0.0000000000000E+00 0.0000000000000E+00 7.9076900000000E-02 1.6999000000000E-01
 2.5860000000000E-02 4.9256000000000E-03 0.0000000000000E+00 0.0000000000000E+00
 0.0000000000000E+00 3.7340000000000E-05 9.9756960000000E-02 2.0679000000000E-01
 2.4478000000000E-02 0.0000000000000E+00 0.0000000000000E+00 0.0000000000000E+00
 0.0000000000000E+00 9.1742000000000E-04 3.1677398000000E-01 2.3876000000000E-01
 0.0000000000000E+00 0.0000000000000E+00 0.0000000000000E+00 0.0000000000000E+00
 0.0000000000000E+00 4.9793000000000E-02 1.0991030000000E+00
