  1113.11m    1.000000 0.00000e+00  11/21/99





       99     1113        1        0        7        6        6        0
        0        1        0        1        0        0        0        0
        1       15       22       29       36       43        0        0
        0        0        0        0       50        0        0        0
        0        0        0        0        0        0        0        0
        0        0        0        0        0        0        0        0
 5.6765000000000E+00 6.8105900000000E-01 4.5830260000000E-03 2.6026000000000E-05
 2.3125000000000E-06 3.6250000000000E-07 5.0005000000000E-08 8.6470000000000E+00
 1.3438820000000E+00 9.0699480000000E-03 4.4052000000000E-05 3.3750000000000E-06
 5.2500000000000E-07 9.9990000000000E-08 1.8132300000000E-01 3.3436800000000E-01
 4.9378500000000E-01 5.9121580000000E-01 4.7419820000000E-01 8.3360060000000E-01
 8.5360310000000E-01 8.2544637040159E-03 1.3256545898276E-03 8.4215623749058E-03
 3.2872980426496E-02 1.5963630615386E-02 3.2379393988496E-01 3.6280332707756E-01
 2.8849845191535E+00 2.9107883981315E+00 2.8657390310275E+00 2.8706250171324E+00
 2.8671422624805E+00 2.8665761945074E+00 2.8753870820402E+00 5.8791000000000E-01
 4.1176000000000E-01 3.3906000000000E-04 1.1761000000000E-07 0.0000000000000E+00
 0.0000000000000E+00 0.0000000000000E+00 8.1123629598412E-04 2.9710454101724E-03
 2.4459437625094E-02 8.9157019573505E-02 1.6701636938461E-01 2.4466606011504E-01
 2.2240667292244E-01 5.1000000000000E+01 1.3045678436710E-01 4.1792000000000E-02
 8.5105000000000E-06 5.1329000000000E-09 0.0000000000000E+00 0.0000000000000E+00
 0.0000000000000E+00 0.0000000000000E+00 3.2842769779830E-01 1.6436000000000E-03
 2.2017000000000E-09 0.0000000000000E+00 0.0000000000000E+00 0.0000000000000E+00
 0.0000000000000E+00 0.0000000000000E+00 4.5837090000000E-01 2.5331000000000E-03
 0.0000000000000E+00 0.0000000000000E+00 0.0000000000000E+00 0.0000000000000E+00
 0.0000000000000E+00 0.0000000000000E+00 4.6370920000000E-01 5.4766000000000E-03
 0.0000000000000E+00 0.0000000000000E+00 0.0000000000000E+00 0.0000000000000E+00
 0.0000000000000E+00 1.7619000000000E-04 2.8231310099840E-01 8.7289000000000E-03
 9.0016000000000E-09 0.0000000000000E+00 0.0000000000000E+00 0.0000000000000E+00
 0.0000000000000E+00 2.2760000000000E-03 2.4975060000000E-01 1.3114000000000E-02
 0.0000000000000E+00 0.0000000000000E+00 0.0000000000000E+00 0.0000000000000E+00
 0.0000000000000E+00 8.8645000000000E-03 2.5952860000000E-01


