  1114.11m    1.000000 0.00000e+00  11/21/99





       99     1114        1        0        7        6        6        0
        0        1        0        1        0        0        0        0
        1       15       22       29       36       43        0        0
        0        0        0        0       50        0        0        0
        0        0        0        0        0        0        0        0
        0        0        0        0        0        0        0        0
 5.6765000000000E+00 6.8105900000000E-01 4.5830260000000E-03 2.6026000000000E-05
 2.3125000000000E-06 3.6250000000000E-07 5.0005000000000E-08 8.6470000000000E+00
 1.3438820000000E+00 9.0699480000000E-03 4.4052000000000E-05 3.3750000000000E-06
 5.2500000000000E-07 9.9990000000000E-08 1.8304500000000E-01 3.3670500000000E-01
 5.0050710000000E-01 6.0617440000000E-01 5.0275420000000E-01 9.2102750000000E-01
 9.5523120000000E-01 8.6720907386635E-03 1.6242575324216E-03 1.0271570782185E-02
 3.9044674618756E-02 1.9257580398077E-02 3.7488795362840E-01 4.3059938845655E-01
 2.9042592794505E+00 2.9179486044518E+00 2.8698629085170E+00 2.8749119078605E+00
 2.8717522584261E+00 2.8675234549296E+00 2.8780811892051E+00 5.8791000000000E-01
 4.1176000000000E-01 3.3906000000000E-04 1.1761000000000E-07 0.0000000000000E+00
 0.0000000000000E+00 0.0000000000000E+00 8.1410926133652E-04 3.0313424675784E-03
 2.5968429217815E-02 9.3675325381244E-02 1.8914241960192E-01 2.8381204637160E-01
 2.5957061154346E-01 5.1000000000000E+01 1.3150409760620E-01 4.2046000000000E-02
 8.6972000000000E-06 5.1938000000000E-09 0.0000000000000E+00 0.0000000000000E+00
 0.0000000000000E+00 0.0000000000000E+00 3.3040309739940E-01 1.6463000000000E-03
 2.6006000000000E-09 0.0000000000000E+00 0.0000000000000E+00 0.0000000000000E+00
 0.0000000000000E+00 0.0000000000000E+00 4.6179220000000E-01 2.4749000000000E-03
 0.0000000000000E+00 0.0000000000000E+00 0.0000000000000E+00 0.0000000000000E+00
 0.0000000000000E+00 0.0000000000000E+00 4.6802140000000E-01 5.4330000000000E-03
 0.0000000000000E+00 0.0000000000000E+00 0.0000000000000E+00 0.0000000000000E+00
 0.0000000000000E+00 1.8597000000000E-04 2.8577092107200E-01 8.3973000000000E-03
 8.9280000000000E-09 0.0000000000000E+00 0.0000000000000E+00 0.0000000000000E+00
 0.0000000000000E+00 2.3916000000000E-03 2.4761390000000E-01 1.2322000000000E-02
 0.0000000000000E+00 0.0000000000000E+00 0.0000000000000E+00 0.0000000000000E+00
 0.0000000000000E+00 8.9681000000000E-03 2.5609310000000E-01
