wwe:n  3.0000E-02  1.0000E-01  3.0000E-01  1.0000E+00 

wwn1:n    1.2133E+01  4.5397E+00  2.0870E+00  1.0355E+00  4.9190E-01
          2.3239E-01  1.1459E-01  5.5542E-02  2.5757E-02  1.1910E-02
          5.5595E-03  2.5971E-03  1.1937E-03  5.5086E-04  2.5290E-04
          1.1625E-04  5.3253E-05  2.5802E-05 -1.0000E+00 -1.0000E+00
wwn2:n    7.2418E+00  3.3612E+00  1.5537E+00  7.3460E-01  3.3587E-01
          1.5603E-01  8.3232E-02  3.7605E-02  1.6757E-02  7.5283E-03
          3.6408E-03  1.6445E-03  7.2755E-04  3.4711E-04  1.6384E-04
          7.9456E-05  4.0109E-05  2.2232E-05 -1.0000E+00 -1.0000E+00
wwn3:n    5.0489E-01  1.8048E-01  8.3411E-02  4.0311E-02  1.9945E-02
          9.7916E-03  4.7635E-03  2.3585E-03  1.1917E-03  6.2516E-04
          3.4089E-04  1.9342E-04  1.1453E-04  7.0011E-05  4.4467E-05
          2.9639E-05  2.0740E-05  1.5365E-05 -1.0000E+00 -1.0000E+00
wwn4:n    5.0000E-01  1.5909E-01  7.6878E-02  4.1099E-02  2.1801E-02
          1.1463E-02  5.8711E-03  2.9001E-03  1.4717E-03  7.7907E-04
          4.1980E-04  2.3359E-04  1.3335E-04  7.5832E-05  4.5566E-05
          2.9660E-05  1.9835E-05  1.4914E-05 -1.0000E+00 -1.0000E+00

