wwe:n  3.0000E-02  1.0000E-01  3.0000E-01  1.0000E+00  3.0000E+00

wwn1:n    2.1624E+01  5.0212E+00  2.5514E+00  1.1941E+00  5.6334E-01
          2.6734E-01  1.2136E-01  5.6418E-02  2.5138E-02  1.1961E-02
          5.5005E-03  2.6570E-03  1.2375E-03  5.6734E-04  2.5577E-04
          1.1684E-04  5.4196E-05  2.6190E-05 -1.0000E+00 -1.0000E+00
wwn2:n    1.6802E+01  4.2689E+00  1.9060E+00  7.4038E-01  3.2903E-01
          1.6720E-01  7.5651E-02  3.4254E-02  1.4840E-02  7.3207E-03
          3.7123E-03  1.8603E-03  7.3609E-04  3.4434E-04  1.6215E-04
          8.0844E-05  4.0785E-05  2.2666E-05 -1.0000E+00 -1.0000E+00
wwn3:n    5.3439E-01  1.9386E-01  8.8571E-02  4.2721E-02  2.0959E-02
          1.0123E-02  5.0336E-03  2.5001E-03  1.2731E-03  6.7495E-04
          3.6563E-04  2.0337E-04  1.1713E-04  7.1292E-05  4.5594E-05
          3.0030E-05  2.1028E-05  1.5650E-05 -1.0000E+00 -1.0000E+00
wwn4:n    5.0000E-01  1.5402E-01  7.5532E-02  3.9232E-02  2.2020E-02
          1.1018E-02  5.3967E-03  2.9773E-03  1.5129E-03  8.1210E-04
          4.2021E-04  2.1875E-04  1.2688E-04  7.5808E-05  4.6785E-05
          3.0596E-05  1.9336E-05  1.4785E-05 -1.0000E+00 -1.0000E+00
wwn5:n    1.6005E+00  1.9761E-01  1.2085E-01  9.4229E-02  2.1689E-02
          7.6794E-03  0.0000E+00  0.0000E+00  0.0000E+00  0.0000E+00
          0.0000E+00  0.0000E+00  0.0000E+00  0.0000E+00  0.0000E+00
          0.0000E+00  0.0000E+00  0.0000E+00 -1.0000E+00 -1.0000E+00
