wwe:n  3.0000E-02  1.0000E-01  3.0000E-01  1.0000E+00  3.0000E+00

wwn1:n    0.0000E+00  0.0000E+00  0.0000E+00  0.0000E+00  0.0000E+00
          0.0000E+00  0.0000E+00  0.0000E+00  0.0000E+00  0.0000E+00
          8.1383E+00  5.7773E+00  8.5967E-01  3.2135E-01  1.2886E-01
          6.8483E-02  3.2505E-02  1.7719E-02 -1.0000E+00 -1.0000E+00
wwn2:n    0.0000E+00  0.0000E+00  0.0000E+00  0.0000E+00  0.0000E+00
          0.0000E+00  0.0000E+00  0.0000E+00  0.0000E+00  0.0000E+00
          4.0609E+00  9.8143E-01  2.8193E-01  2.3429E-01  7.3071E-02
          4.8313E-02  3.0437E-02  1.5925E-02 -1.0000E+00 -1.0000E+00
wwn3:n    5.0000E-01  4.4992E-01  4.3244E-01  4.2786E-01  4.3120E-01
          2.9453E-01  1.8609E-01  1.7006E-01  1.5121E-01  1.3525E-01
          8.9796E-02  6.5180E-02  4.7402E-02  3.1945E-02  2.3823E-02
          1.8936E-02  1.3472E-02  1.0694E-02 -1.0000E+00 -1.0000E+00
wwn4:n    0.0000E+00  0.0000E+00  0.0000E+00  0.0000E+00  0.0000E+00
          0.0000E+00  0.0000E+00  0.0000E+00  0.0000E+00  0.0000E+00
          0.0000E+00  0.0000E+00  0.0000E+00  0.0000E+00  0.0000E+00
          0.0000E+00  0.0000E+00  0.0000E+00 -1.0000E+00 -1.0000E+00
wwn5:n    6.0502E-01  0.0000E+00  0.0000E+00  0.0000E+00  0.0000E+00
          0.0000E+00  0.0000E+00  0.0000E+00  0.0000E+00  0.0000E+00
          0.0000E+00  0.0000E+00  0.0000E+00  0.0000E+00  0.0000E+00
          0.0000E+00  0.0000E+00  0.0000E+00 -1.0000E+00 -1.0000E+00
