mcnp       6     06/30/14 15:24:46     4         2000000     24489343356
 simple nested dxtran test for air transport                                    
ntal     1
    1
tally    1                   -1    0    0
 1 0 0 0 0 0 0 0 0 0 0 0 0 0 0 0 0 0 0 0 0 0 0 0 0 0 0 0 0 0 0 0 0 0 0 0 0
f        1
      1
d        1
u        0
s        0
m        0
c        0
e        0
tt     342
  0.00000E+00  2.00000E+02  4.00000E+02  6.00000E+02  8.00000E+02  1.00000E+03
  1.20000E+03  1.40000E+03  1.60000E+03  1.80000E+03  2.00000E+03  2.20000E+03
  2.40000E+03  2.60000E+03  2.80000E+03  3.00000E+03  3.20000E+03  3.40000E+03
  3.60000E+03  3.80000E+03  4.00000E+03  4.20000E+03  4.40000E+03  4.60000E+03
  4.80000E+03  5.00000E+03  5.20000E+03  5.40000E+03  5.60000E+03  5.80000E+03
  6.00000E+03  6.20000E+03  6.40000E+03  6.60000E+03  6.80000E+03  7.00000E+03
  7.20000E+03  7.40000E+03  7.60000E+03  7.80000E+03  8.00000E+03  8.20000E+03
  8.40000E+03  8.60000E+03  8.80000E+03  9.00000E+03  9.20000E+03  9.40000E+03
  9.60000E+03  9.80000E+03  1.00000E+04  1.02000E+04  1.04000E+04  1.06000E+04
  1.08000E+04  1.10000E+04  1.12000E+04  1.14000E+04  1.16000E+04  1.18000E+04
  1.20000E+04  1.22000E+04  1.24000E+04  1.26000E+04  1.28000E+04  1.30000E+04
  1.32000E+04  1.34000E+04  1.36000E+04  1.38000E+04  1.40000E+04  1.42000E+04
  1.44000E+04  1.46000E+04  1.48000E+04  1.50000E+04  1.52000E+04  1.54000E+04
  1.56000E+04  1.58000E+04  1.60000E+04  1.62000E+04  1.64000E+04  1.66000E+04
  1.68000E+04  1.70000E+04  1.72000E+04  1.74000E+04  1.76000E+04  1.78000E+04
  1.80000E+04  1.82000E+04  1.84000E+04  1.86000E+04  1.88000E+04  1.90000E+04
  1.92000E+04  1.94000E+04  1.96000E+04  1.98000E+04  2.00000E+04  2.02000E+04
  2.04000E+04  2.06000E+04  2.08000E+04  2.10000E+04  2.12000E+04  2.14000E+04
  2.16000E+04  2.18000E+04  2.20000E+04  2.22000E+04  2.24000E+04  2.26000E+04
  2.28000E+04  2.30000E+04  2.32000E+04  2.34000E+04  2.36000E+04  2.38000E+04
  2.40000E+04  2.42000E+04  2.44000E+04  2.46000E+04  2.48000E+04  2.50000E+04
  2.52000E+04  2.54000E+04  2.56000E+04  2.58000E+04  2.60000E+04  2.62000E+04
  2.64000E+04  2.66000E+04  2.68000E+04  2.70000E+04  2.72000E+04  2.74000E+04
  2.76000E+04  2.78000E+04  2.80000E+04  2.82000E+04  2.84000E+04  2.86000E+04
  2.88000E+04  2.90000E+04  2.92000E+04  2.94000E+04  2.96000E+04  2.98000E+04
  3.00000E+04  3.02000E+04  3.04000E+04  3.06000E+04  3.08000E+04  3.10000E+04
  3.12000E+04  3.14000E+04  3.16000E+04  3.18000E+04  3.20000E+04  3.22000E+04
  3.24000E+04  3.26000E+04  3.28000E+04  3.30000E+04  3.32000E+04  3.34000E+04
  3.36000E+04  3.38000E+04  3.40000E+04  3.42000E+04  3.44000E+04  3.46000E+04
  3.48000E+04  3.50000E+04  3.52000E+04  3.54000E+04  3.56000E+04  3.58000E+04
  3.60000E+04  3.62000E+04  3.64000E+04  3.66000E+04  3.68000E+04  3.70000E+04
  3.72000E+04  3.74000E+04  3.76000E+04  3.78000E+04  3.80000E+04  3.82000E+04
  3.84000E+04  3.86000E+04  3.88000E+04  3.90000E+04  3.92000E+04  3.94000E+04
  3.96000E+04  3.98000E+04  4.00000E+04  4.02000E+04  4.04000E+04  4.06000E+04
  4.08000E+04  4.10000E+04  4.12000E+04  4.14000E+04  4.16000E+04  4.18000E+04
  4.20000E+04  4.22000E+04  4.24000E+04  4.26000E+04  4.28000E+04  4.30000E+04
  4.32000E+04  4.34000E+04  4.36000E+04  4.38000E+04  4.40000E+04  4.42000E+04
  4.44000E+04  4.46000E+04  4.48000E+04  4.50000E+04  4.52000E+04  4.54000E+04
  4.56000E+04  4.58000E+04  4.60000E+04  4.62000E+04  4.64000E+04  4.66000E+04
  4.68000E+04  4.70000E+04  4.72000E+04  4.74000E+04  4.76000E+04  4.78000E+04
  4.80000E+04  4.82000E+04  4.84000E+04  4.86000E+04  4.88000E+04  4.90000E+04
  4.92000E+04  4.94000E+04  4.96000E+04  4.98000E+04  5.00000E+04  5.02000E+04
  5.04000E+04  5.06000E+04  5.08000E+04  5.10000E+04  5.12000E+04  5.14000E+04
  5.16000E+04  5.18000E+04  5.20000E+04  5.22000E+04  5.24000E+04  5.26000E+04
  5.28000E+04  5.30000E+04  5.32000E+04  5.34000E+04  5.36000E+04  5.38000E+04
  5.40000E+04  5.42000E+04  5.44000E+04  5.46000E+04  5.48000E+04  5.50000E+04
  5.52000E+04  5.54000E+04  5.56000E+04  5.58000E+04  5.60000E+04  5.62000E+04
  5.64000E+04  5.66000E+04  5.68000E+04  5.70000E+04  5.72000E+04  5.74000E+04
  5.76000E+04  5.78000E+04  5.80000E+04  5.82000E+04  5.84000E+04  5.86000E+04
  5.88000E+04  5.90000E+04  5.92000E+04  5.94000E+04  5.96000E+04  5.98000E+04
  6.00000E+04  6.10000E+04  6.20000E+04  6.30000E+04  6.40000E+04  6.50000E+04
  6.60000E+04  6.70000E+04  6.80000E+04  6.90000E+04  7.00000E+04  7.10000E+04
  7.20000E+04  7.30000E+04  7.40000E+04  7.50000E+04  7.60000E+04  7.70000E+04
  7.80000E+04  7.90000E+04  8.00000E+04  8.10000E+04  8.20000E+04  8.30000E+04
  8.40000E+04  8.50000E+04  8.60000E+04  8.70000E+04  8.80000E+04  8.90000E+04
  9.00000E+04  9.10000E+04  9.20000E+04  9.30000E+04  9.40000E+04  9.50000E+04
  9.60000E+04  9.70000E+04  9.80000E+04  9.90000E+04  1.00000E+05
vals
  0.00000E+00 0.0000  0.00000E+00 0.0000  0.00000E+00 0.0000  0.00000E+00 0.0000
  0.00000E+00 0.0000  0.00000E+00 0.0000  0.00000E+00 0.0000  0.00000E+00 0.0000
  0.00000E+00 0.0000  0.00000E+00 0.0000  0.00000E+00 0.0000  0.00000E+00 0.0000
  0.00000E+00 0.0000  0.00000E+00 0.0000  0.00000E+00 0.0000  0.00000E+00 0.0000
  0.00000E+00 0.0000  0.00000E+00 0.0000  0.00000E+00 0.0000  0.00000E+00 0.0000
  0.00000E+00 0.0000  0.00000E+00 0.0000  0.00000E+00 0.0000  0.00000E+00 0.0000
  0.00000E+00 0.0000  1.25916E-19 0.5773  1.10929E-18 0.5574  9.36019E-19 0.5761
  2.99157E-18 0.5891  1.44061E-18 0.3722  3.27973E-18 0.2393  5.23650E-18 0.2993
  5.59894E-18 0.3684  8.52276E-18 0.1838  1.04352E-17 0.2493  8.85334E-18 0.1485
  1.07449E-17 0.1428  1.08590E-17 0.1824  1.86009E-17 0.2614  1.54981E-17 0.1575
  1.00711E-17 0.1332  1.15327E-17 0.1498  1.26411E-17 0.1314  1.13207E-17 0.1124
  1.21267E-17 0.2571  2.25966E-17 0.3642  1.03972E-17 0.1027  1.22551E-17 0.1100
  1.12344E-17 0.0976  1.78034E-17 0.1486  1.42583E-17 0.0885  1.61732E-17 0.1407
  1.80702E-17 0.0872  1.85410E-17 0.0848  1.92488E-17 0.0824  2.39825E-17 0.0880
  2.25022E-17 0.0893  2.03280E-17 0.0831  1.86039E-17 0.0705  2.96654E-17 0.1360
  2.05144E-17 0.0863  2.47186E-17 0.0977  2.74092E-17 0.1157  3.21907E-17 0.1549
  2.73954E-17 0.1042  3.83590E-17 0.1631  2.65970E-17 0.1227  2.41225E-17 0.0851
  2.59362E-17 0.0889  2.46304E-17 0.0794  2.88948E-17 0.1449  3.35829E-17 0.1246
  2.71963E-17 0.0910  3.82744E-17 0.1969  2.82357E-17 0.0997  3.03084E-17 0.1035
  2.60913E-17 0.1025  3.18847E-17 0.1064  3.18792E-17 0.0998  4.62598E-17 0.3208
  3.32954E-17 0.1746  3.05222E-17 0.0896  3.53024E-17 0.1083  3.37929E-17 0.0927
  3.87360E-17 0.1425  3.43946E-17 0.1124  3.78798E-17 0.1476  2.84730E-17 0.0941
  2.69106E-17 0.0807  5.06022E-17 0.3671  4.07083E-17 0.1320  3.38054E-17 0.1326
  3.14578E-17 0.0843  2.99691E-17 0.0875  3.48175E-17 0.1163  3.75979E-17 0.0932
  2.85587E-17 0.0984  3.32567E-17 0.0951  3.09911E-17 0.0814  3.23114E-17 0.0853
  4.12085E-17 0.3140  2.99501E-17 0.0940  3.67922E-17 0.1675  3.30234E-17 0.0963
  5.30450E-17 0.3695  3.90051E-17 0.1315  3.09495E-17 0.1664  3.75721E-17 0.1242
  3.01882E-17 0.0828  2.99956E-17 0.1220  3.89819E-17 0.1327  4.31301E-17 0.2545
  3.23889E-17 0.1108  3.07917E-17 0.0884  2.85575E-17 0.0859  3.84302E-17 0.2298
  2.71537E-17 0.0915  3.59446E-17 0.0896  3.62937E-17 0.1226  2.94688E-17 0.0892
  3.11616E-17 0.0940  3.19217E-17 0.1116  3.53415E-17 0.1685  2.77718E-17 0.1543
  2.42705E-17 0.0906  3.02815E-17 0.1942  3.01429E-17 0.1285  4.70301E-17 0.2565
  2.62426E-17 0.0898  2.74488E-17 0.1208  2.79765E-17 0.0838  2.85024E-17 0.1304
  3.01410E-17 0.1313  2.59339E-17 0.1084  3.01700E-17 0.0944  3.01170E-17 0.1415
  2.81986E-17 0.1183  3.38011E-17 0.1803  2.65318E-17 0.0888  2.41368E-17 0.1037
  2.79847E-17 0.1260  3.57884E-17 0.1695  3.41806E-17 0.2951  3.27807E-17 0.2014
  4.04765E-17 0.2183  2.83832E-17 0.1403  2.51834E-17 0.1011  2.28188E-17 0.0763
  2.39061E-17 0.0942  2.28770E-17 0.0951  2.77054E-17 0.1581  2.62319E-17 0.1794
  3.29575E-17 0.2601  4.32721E-17 0.3100  2.13402E-17 0.0977  2.58390E-17 0.1594
  2.39157E-17 0.1153  2.48437E-17 0.1143  2.57639E-17 0.1281  2.06833E-17 0.0975
  2.43176E-17 0.0943  5.26148E-17 0.3818  3.31556E-17 0.2607  1.84654E-17 0.1002
  3.29544E-17 0.1708  2.82046E-17 0.1665  2.12577E-17 0.1392  1.75566E-17 0.0901
  2.04976E-17 0.1006  2.17071E-17 0.1035  3.19683E-17 0.2157  1.72290E-17 0.1050
  2.10759E-17 0.0900  1.98573E-17 0.0936  2.14605E-17 0.1164  2.33301E-17 0.1040
  1.78717E-17 0.1122  2.16120E-17 0.1911  1.88624E-17 0.1106  1.77117E-17 0.1240
  1.99399E-17 0.0927  2.02018E-17 0.1298  3.09650E-17 0.2335  1.34905E-17 0.0963
  2.10578E-17 0.1673  1.91551E-17 0.1190  1.62398E-17 0.1062  2.32523E-17 0.3017
  1.61316E-17 0.0993  2.00187E-17 0.1515  1.67023E-17 0.2005  2.32524E-17 0.1526
  1.68024E-17 0.1159  2.23613E-17 0.2367  1.76367E-17 0.1035  2.27163E-17 0.1252
  1.34706E-17 0.1168  2.28800E-17 0.2241  1.57415E-17 0.1017  3.07870E-17 0.4463
  1.94024E-17 0.1524  1.72219E-17 0.1219  1.59515E-17 0.1487  2.23569E-17 0.2463
  1.85683E-17 0.1342  1.54026E-17 0.1111  1.80116E-17 0.1429  1.79410E-17 0.1650
  2.03200E-17 0.2166  1.64115E-17 0.1595  2.10783E-17 0.1259  1.72353E-17 0.1975
  1.76254E-17 0.1435  1.74884E-17 0.1306  1.22144E-17 0.1128  1.45715E-17 0.1335
  1.54055E-17 0.1312  1.39696E-17 0.1373  1.22798E-17 0.0905  1.48216E-17 0.1078
  1.83403E-17 0.1421  1.89197E-17 0.1544  1.75034E-17 0.1407  1.71312E-17 0.1339
  1.78499E-17 0.1452  1.67965E-17 0.1291  1.29496E-17 0.1157  1.44504E-17 0.1258
  2.34027E-17 0.2957  1.20211E-17 0.1068  1.81052E-17 0.1860  1.68418E-17 0.1679
  1.60680E-17 0.1662  1.26593E-17 0.1161  1.12613E-17 0.1300  1.32208E-17 0.1371
  1.23703E-17 0.1822  1.39218E-17 0.1382  1.00785E-17 0.1238  1.49644E-17 0.1374
  1.36035E-17 0.1489  1.41772E-17 0.1384  1.22321E-17 0.1251  1.20255E-17 0.1446
  1.82357E-17 0.1838  1.04373E-17 0.1112  1.14740E-17 0.1320  1.49812E-17 0.2488
  1.08621E-17 0.1069  1.19292E-17 0.1201  1.31172E-17 0.1397  1.72558E-17 0.1980
  1.41215E-17 0.1367  1.03040E-17 0.1143  1.26508E-17 0.1105  1.54897E-17 0.1820
  1.45768E-17 0.1361  1.13360E-17 0.1062  9.69350E-18 0.1131  1.29393E-17 0.2053
  1.08078E-17 0.1734  1.34411E-17 0.1308  1.45599E-17 0.1722  1.26974E-17 0.1166
  1.34707E-17 0.1187  1.03292E-17 0.1574  1.10414E-17 0.1517  1.31921E-17 0.1209
  1.41701E-17 0.2543  1.95022E-17 0.2261  1.04071E-17 0.1252  1.17109E-17 0.1562
  1.26563E-17 0.1445  1.37376E-17 0.1439  1.26840E-17 0.1742  1.20082E-17 0.1403
  9.97885E-18 0.1496  9.91727E-18 0.1302  1.16938E-17 0.1163  1.17079E-17 0.1849
  1.14597E-17 0.1051  1.64272E-17 0.2619  1.14541E-17 0.1590  1.37987E-17 0.1418
  1.25668E-17 0.1597  7.98967E-18 0.1226  1.14327E-17 0.2608  1.45080E-17 0.2060
  1.14988E-17 0.1634  7.77564E-18 0.1257  1.04600E-17 0.1565  1.01796E-17 0.1353
  1.02446E-17 0.1232  1.23345E-17 0.1896  8.10189E-18 0.1117  8.87644E-18 0.1920
  7.22560E-18 0.1259  8.43440E-18 0.1179  1.04842E-17 0.1640  1.05423E-17 0.1871
  1.00863E-17 0.1736  4.54125E-17 0.0797  4.44459E-17 0.0721  4.68057E-17 0.0812
  5.23196E-17 0.1141  7.15283E-17 0.3658  4.19291E-17 0.0662  4.46698E-17 0.0852
  4.44189E-17 0.1195  4.64365E-17 0.1666  4.69160E-17 0.1183  4.10621E-17 0.0831
  3.65110E-17 0.0792  3.82040E-17 0.0830  3.38808E-17 0.0778  3.27009E-17 0.0781
  3.94428E-17 0.1745  3.71201E-17 0.0981  4.70323E-17 0.2171  2.80753E-17 0.0816
  3.53707E-17 0.1110  3.30032E-17 0.1253  3.36371E-17 0.1733  3.24673E-17 0.1097
  3.41206E-17 0.1482  3.03992E-17 0.1061  3.01811E-17 0.1421  3.56236E-17 0.1461
  2.47494E-17 0.0700  3.39097E-17 0.1209  2.48151E-17 0.0766  2.27400E-17 0.0867
  2.36497E-17 0.1182  2.22035E-17 0.1352  2.70979E-17 0.1032  2.20607E-17 0.0936
  1.99297E-17 0.0812  2.43462E-17 0.0913  2.23062E-17 0.0882  2.22379E-17 0.0978
  2.15726E-17 0.1212  7.24639E-15 0.0201
tfc    4       1       1       1       1       1       1       1     342
     500000  6.78463E-15  4.20691E-02  3.24698E+00
    1000000  6.91051E-15  2.87748E-02  3.47244E+00
    1500000  7.15424E-15  2.31581E-02  3.54737E+00
    2000000  7.24639E-15  2.00746E-02  3.53326E+00
