mcnp       6     06/27/14 16:45:31     4         2000000     24324578906
 simple nested dxtran test for air transport                                    
ntal     1
    1
tally    1                   -1    0    0
 1 0 0 0 0 0 0 0 0 0 0 0 0 0 0 0 0 0 0 0 0 0 0 0 0 0 0 0 0 0 0 0 0 0 0 0 0
f        1
      1
d        1
u        0
s        0
m        0
c        0
e        0
tt     342
  0.00000E+00  2.00000E+02  4.00000E+02  6.00000E+02  8.00000E+02  1.00000E+03
  1.20000E+03  1.40000E+03  1.60000E+03  1.80000E+03  2.00000E+03  2.20000E+03
  2.40000E+03  2.60000E+03  2.80000E+03  3.00000E+03  3.20000E+03  3.40000E+03
  3.60000E+03  3.80000E+03  4.00000E+03  4.20000E+03  4.40000E+03  4.60000E+03
  4.80000E+03  5.00000E+03  5.20000E+03  5.40000E+03  5.60000E+03  5.80000E+03
  6.00000E+03  6.20000E+03  6.40000E+03  6.60000E+03  6.80000E+03  7.00000E+03
  7.20000E+03  7.40000E+03  7.60000E+03  7.80000E+03  8.00000E+03  8.20000E+03
  8.40000E+03  8.60000E+03  8.80000E+03  9.00000E+03  9.20000E+03  9.40000E+03
  9.60000E+03  9.80000E+03  1.00000E+04  1.02000E+04  1.04000E+04  1.06000E+04
  1.08000E+04  1.10000E+04  1.12000E+04  1.14000E+04  1.16000E+04  1.18000E+04
  1.20000E+04  1.22000E+04  1.24000E+04  1.26000E+04  1.28000E+04  1.30000E+04
  1.32000E+04  1.34000E+04  1.36000E+04  1.38000E+04  1.40000E+04  1.42000E+04
  1.44000E+04  1.46000E+04  1.48000E+04  1.50000E+04  1.52000E+04  1.54000E+04
  1.56000E+04  1.58000E+04  1.60000E+04  1.62000E+04  1.64000E+04  1.66000E+04
  1.68000E+04  1.70000E+04  1.72000E+04  1.74000E+04  1.76000E+04  1.78000E+04
  1.80000E+04  1.82000E+04  1.84000E+04  1.86000E+04  1.88000E+04  1.90000E+04
  1.92000E+04  1.94000E+04  1.96000E+04  1.98000E+04  2.00000E+04  2.02000E+04
  2.04000E+04  2.06000E+04  2.08000E+04  2.10000E+04  2.12000E+04  2.14000E+04
  2.16000E+04  2.18000E+04  2.20000E+04  2.22000E+04  2.24000E+04  2.26000E+04
  2.28000E+04  2.30000E+04  2.32000E+04  2.34000E+04  2.36000E+04  2.38000E+04
  2.40000E+04  2.42000E+04  2.44000E+04  2.46000E+04  2.48000E+04  2.50000E+04
  2.52000E+04  2.54000E+04  2.56000E+04  2.58000E+04  2.60000E+04  2.62000E+04
  2.64000E+04  2.66000E+04  2.68000E+04  2.70000E+04  2.72000E+04  2.74000E+04
  2.76000E+04  2.78000E+04  2.80000E+04  2.82000E+04  2.84000E+04  2.86000E+04
  2.88000E+04  2.90000E+04  2.92000E+04  2.94000E+04  2.96000E+04  2.98000E+04
  3.00000E+04  3.02000E+04  3.04000E+04  3.06000E+04  3.08000E+04  3.10000E+04
  3.12000E+04  3.14000E+04  3.16000E+04  3.18000E+04  3.20000E+04  3.22000E+04
  3.24000E+04  3.26000E+04  3.28000E+04  3.30000E+04  3.32000E+04  3.34000E+04
  3.36000E+04  3.38000E+04  3.40000E+04  3.42000E+04  3.44000E+04  3.46000E+04
  3.48000E+04  3.50000E+04  3.52000E+04  3.54000E+04  3.56000E+04  3.58000E+04
  3.60000E+04  3.62000E+04  3.64000E+04  3.66000E+04  3.68000E+04  3.70000E+04
  3.72000E+04  3.74000E+04  3.76000E+04  3.78000E+04  3.80000E+04  3.82000E+04
  3.84000E+04  3.86000E+04  3.88000E+04  3.90000E+04  3.92000E+04  3.94000E+04
  3.96000E+04  3.98000E+04  4.00000E+04  4.02000E+04  4.04000E+04  4.06000E+04
  4.08000E+04  4.10000E+04  4.12000E+04  4.14000E+04  4.16000E+04  4.18000E+04
  4.20000E+04  4.22000E+04  4.24000E+04  4.26000E+04  4.28000E+04  4.30000E+04
  4.32000E+04  4.34000E+04  4.36000E+04  4.38000E+04  4.40000E+04  4.42000E+04
  4.44000E+04  4.46000E+04  4.48000E+04  4.50000E+04  4.52000E+04  4.54000E+04
  4.56000E+04  4.58000E+04  4.60000E+04  4.62000E+04  4.64000E+04  4.66000E+04
  4.68000E+04  4.70000E+04  4.72000E+04  4.74000E+04  4.76000E+04  4.78000E+04
  4.80000E+04  4.82000E+04  4.84000E+04  4.86000E+04  4.88000E+04  4.90000E+04
  4.92000E+04  4.94000E+04  4.96000E+04  4.98000E+04  5.00000E+04  5.02000E+04
  5.04000E+04  5.06000E+04  5.08000E+04  5.10000E+04  5.12000E+04  5.14000E+04
  5.16000E+04  5.18000E+04  5.20000E+04  5.22000E+04  5.24000E+04  5.26000E+04
  5.28000E+04  5.30000E+04  5.32000E+04  5.34000E+04  5.36000E+04  5.38000E+04
  5.40000E+04  5.42000E+04  5.44000E+04  5.46000E+04  5.48000E+04  5.50000E+04
  5.52000E+04  5.54000E+04  5.56000E+04  5.58000E+04  5.60000E+04  5.62000E+04
  5.64000E+04  5.66000E+04  5.68000E+04  5.70000E+04  5.72000E+04  5.74000E+04
  5.76000E+04  5.78000E+04  5.80000E+04  5.82000E+04  5.84000E+04  5.86000E+04
  5.88000E+04  5.90000E+04  5.92000E+04  5.94000E+04  5.96000E+04  5.98000E+04
  6.00000E+04  6.10000E+04  6.20000E+04  6.30000E+04  6.40000E+04  6.50000E+04
  6.60000E+04  6.70000E+04  6.80000E+04  6.90000E+04  7.00000E+04  7.10000E+04
  7.20000E+04  7.30000E+04  7.40000E+04  7.50000E+04  7.60000E+04  7.70000E+04
  7.80000E+04  7.90000E+04  8.00000E+04  8.10000E+04  8.20000E+04  8.30000E+04
  8.40000E+04  8.50000E+04  8.60000E+04  8.70000E+04  8.80000E+04  8.90000E+04
  9.00000E+04  9.10000E+04  9.20000E+04  9.30000E+04  9.40000E+04  9.50000E+04
  9.60000E+04  9.70000E+04  9.80000E+04  9.90000E+04  1.00000E+05
vals
  0.00000E+00 0.0000  0.00000E+00 0.0000  0.00000E+00 0.0000  0.00000E+00 0.0000
  0.00000E+00 0.0000  0.00000E+00 0.0000  0.00000E+00 0.0000  0.00000E+00 0.0000
  0.00000E+00 0.0000  0.00000E+00 0.0000  0.00000E+00 0.0000  0.00000E+00 0.0000
  0.00000E+00 0.0000  0.00000E+00 0.0000  0.00000E+00 0.0000  0.00000E+00 0.0000
  0.00000E+00 0.0000  0.00000E+00 0.0000  0.00000E+00 0.0000  0.00000E+00 0.0000
  0.00000E+00 0.0000  0.00000E+00 0.0000  0.00000E+00 0.0000  0.00000E+00 0.0000
  0.00000E+00 0.0000  0.00000E+00 0.0000  2.29031E-19 0.6059  5.21543E-19 0.4346
  1.06015E-18 0.4931  1.53541E-18 0.4248  3.42610E-18 0.4432  3.48174E-18 0.2195
  5.40986E-18 0.1827  6.96446E-18 0.2212  7.22549E-18 0.2687  1.15025E-17 0.1903
  1.69937E-17 0.1919  2.06405E-17 0.3775  1.49288E-17 0.1576  1.36735E-17 0.1807
  9.89258E-18 0.1163  1.28873E-17 0.1425  1.09101E-17 0.1533  1.04859E-17 0.1657
  1.10651E-17 0.1600  1.19861E-17 0.1580  9.83167E-18 0.1188  1.18280E-17 0.1217
  2.10217E-17 0.2525  1.62173E-17 0.1502  1.49397E-17 0.0893  1.51638E-17 0.0846
  1.64429E-17 0.1397  2.22022E-17 0.1129  2.65049E-17 0.1962  2.35726E-17 0.1203
  1.87076E-17 0.0855  2.11568E-17 0.0774  2.58073E-17 0.1124  2.05800E-17 0.0816
  2.24059E-17 0.0835  2.51879E-17 0.0930  2.47919E-17 0.0814  2.93109E-17 0.1285
  3.07879E-17 0.1797  2.91146E-17 0.1762  2.83848E-17 0.0729  2.62289E-17 0.0950
  2.41515E-17 0.0835  2.23782E-17 0.0791  2.44081E-17 0.0856  2.86124E-17 0.1103
  3.03657E-17 0.0854  3.42915E-17 0.1647  2.36882E-17 0.0783  2.68672E-17 0.0885
  2.92523E-17 0.1001  2.88760E-17 0.0891  3.01770E-17 0.0952  2.93003E-17 0.0831
  3.06758E-17 0.0958  2.96342E-17 0.0792  3.31428E-17 0.1364  2.55136E-17 0.0798
  3.19774E-17 0.1031  2.93566E-17 0.0932  3.17147E-17 0.0976  3.83405E-17 0.1622
  3.12036E-17 0.0955  4.84126E-17 0.3069  2.85389E-17 0.0815  3.57305E-17 0.1157
  3.20188E-17 0.0844  2.80562E-17 0.0983  3.20776E-17 0.1134  2.73020E-17 0.0773
  3.64880E-17 0.1698  2.72872E-17 0.0726  3.53948E-17 0.1235  3.93536E-17 0.1706
  2.99665E-17 0.1263  7.42700E-17 0.5105  2.94933E-17 0.0963  3.20117E-17 0.1186
  3.40862E-17 0.0948  2.95581E-17 0.0738  2.84731E-17 0.0822  2.94677E-17 0.1379
  4.15570E-17 0.1334  2.97453E-17 0.1481  2.77138E-17 0.0850  3.63096E-17 0.1674
  3.06196E-17 0.0981  2.97624E-17 0.0969  3.46394E-17 0.1395  2.76211E-17 0.0998
  2.91411E-17 0.1065  2.69931E-17 0.0800  3.11398E-17 0.0993  2.48075E-17 0.0735
  2.75116E-17 0.1024  2.74881E-17 0.1324  2.95697E-17 0.0959  2.70950E-17 0.0778
  2.77694E-17 0.0858  3.79947E-17 0.1560  2.97515E-17 0.0887  2.96232E-17 0.1046
  2.76425E-17 0.1607  3.37838E-17 0.1352  3.17202E-17 0.1867  3.01532E-17 0.1126
  2.71359E-17 0.0792  2.51367E-17 0.1285  3.38761E-17 0.1323  3.40340E-16 0.8965
  2.35365E-17 0.1032  3.03482E-17 0.1134  2.10675E-17 0.0875  3.14624E-17 0.1555
  2.54772E-17 0.0951  2.99571E-17 0.1061  2.96482E-17 0.1048  2.27739E-17 0.1281
  2.79486E-17 0.1003  2.75257E-17 0.1443  2.40877E-17 0.1003  3.03451E-17 0.1314
  2.57831E-17 0.0991  2.30558E-17 0.1561  2.14202E-17 0.1382  3.31613E-17 0.1926
  2.64290E-17 0.1382  3.18221E-17 0.1947  2.53815E-17 0.1489  2.19931E-17 0.1239
  2.24913E-17 0.0932  2.49460E-17 0.1202  2.83851E-17 0.1132  2.01462E-17 0.0991
  1.84311E-17 0.0888  1.70590E-17 0.1056  3.05692E-17 0.1854  2.48134E-17 0.1003
  2.53429E-17 0.0927  2.57438E-17 0.1945  2.08569E-17 0.1354  2.54134E-17 0.1298
  2.08485E-17 0.0963  2.85437E-17 0.1295  2.55212E-17 0.1199  2.19149E-17 0.1212
  2.00375E-17 0.0983  2.13694E-17 0.1241  2.26766E-17 0.2426  1.94247E-17 0.1103
  1.78307E-17 0.1284  2.06099E-17 0.1151  2.04195E-17 0.1231  1.89147E-17 0.1709
  3.49422E-17 0.3024  2.25653E-17 0.1686  2.53967E-17 0.1637  1.89835E-17 0.1764
  2.05119E-17 0.1577  2.06881E-17 0.1058  1.68251E-17 0.1086  1.85512E-17 0.1111
  2.26749E-17 0.1405  2.17726E-17 0.1264  1.80219E-17 0.1058  1.97263E-17 0.1599
  1.90646E-17 0.1103  1.70958E-17 0.1069  2.09701E-17 0.1226  1.87840E-17 0.1339
  1.93100E-17 0.1196  1.87237E-17 0.1522  2.87176E-17 0.2643  1.89889E-17 0.1809
  1.59950E-17 0.1276  1.83735E-17 0.1271  1.36019E-17 0.1034  1.48604E-17 0.1280
  1.95870E-17 0.1101  1.48266E-17 0.1535  1.75894E-17 0.2154  1.70329E-17 0.1285
  1.75084E-17 0.1496  1.36743E-17 0.1177  1.76448E-17 0.1261  1.55692E-17 0.1009
  1.90985E-17 0.1905  2.13966E-17 0.1737  1.66829E-17 0.1398  2.17747E-17 0.1763
  2.58348E-17 0.4169  1.75027E-17 0.1308  1.30223E-17 0.1073  1.97495E-17 0.1260
  1.25606E-17 0.1291  9.31111E-18 0.0927  1.50280E-17 0.1667  1.76707E-17 0.1784
  1.40848E-17 0.1171  1.58361E-17 0.1319  1.28875E-17 0.1161  1.67659E-17 0.1537
  1.45199E-17 0.1138  1.49767E-17 0.1738  1.54073E-17 0.1642  1.73678E-17 0.1439
  1.23083E-17 0.1219  1.34793E-17 0.2098  1.28274E-17 0.1168  1.20428E-17 0.1253
  1.06105E-17 0.1073  1.48854E-17 0.1240  1.03790E-17 0.1249  1.21643E-17 0.1254
  1.14100E-17 0.0988  2.05378E-17 0.1830  1.57443E-17 0.1602  1.38374E-17 0.1366
  1.56244E-17 0.2305  1.06033E-17 0.1456  1.19687E-17 0.1241  1.84979E-17 0.1757
  1.07881E-17 0.1148  1.40767E-17 0.1391  1.17832E-17 0.1199  1.36498E-17 0.1645
  1.67729E-17 0.1951  1.27689E-17 0.1172  1.70613E-17 0.2711  1.60620E-17 0.2542
  1.17136E-17 0.1256  9.89070E-18 0.1094  1.25394E-17 0.2151  1.47923E-17 0.1707
  1.23295E-17 0.1820  1.32725E-17 0.1485  1.08852E-17 0.1605  9.10629E-18 0.1497
  1.00268E-17 0.1226  1.24984E-17 0.1431  1.33762E-17 0.2988  1.33489E-17 0.1289
  9.89982E-18 0.1572  9.54945E-18 0.1267  9.81078E-18 0.1141  1.07724E-17 0.1393
  1.26803E-17 0.2224  1.26930E-17 0.3599  1.29197E-17 0.2119  1.57429E-17 0.3744
  8.75620E-18 0.1239  1.24734E-17 0.1880  1.05209E-17 0.1289  1.26663E-17 0.1938
  1.25411E-17 0.1306  1.36624E-17 0.1925  1.70446E-17 0.2615  1.05670E-17 0.1443
  9.69708E-18 0.1608  1.07220E-17 0.1276  1.23977E-17 0.1464  9.94110E-18 0.1227
  1.07911E-17 0.1581  1.03913E-17 0.1774  1.06554E-17 0.1386  1.01231E-17 0.1363
  7.98173E-18 0.1451  8.58347E-18 0.1365  1.33036E-17 0.1987  1.07530E-17 0.1855
  7.61453E-18 0.1337  9.67547E-18 0.1589  1.32954E-17 0.2352  1.14942E-17 0.2896
  8.86495E-18 0.1365  4.47259E-17 0.0700  4.38390E-17 0.0852  6.33672E-17 0.3190
  4.31489E-17 0.0837  4.61275E-17 0.0807  4.61393E-17 0.1208  3.59142E-17 0.0836
  3.91778E-17 0.0694  4.62063E-17 0.0852  3.98511E-17 0.1340  3.87436E-17 0.0765
  4.19661E-17 0.0931  3.18273E-17 0.0781  3.84743E-17 0.0880  3.22619E-17 0.0953
  3.56140E-17 0.0946  3.02931E-17 0.0718  3.16363E-17 0.0865  3.42046E-17 0.0918
  2.97007E-17 0.0858  3.07405E-17 0.0996  2.67187E-17 0.0698  3.04809E-17 0.1100
  3.73388E-17 0.2259  2.33582E-17 0.0885  2.57714E-17 0.0958  2.48612E-17 0.0796
  2.86615E-17 0.1060  2.53311E-17 0.0862  2.70602E-17 0.1032  3.25220E-17 0.2183
  2.88358E-17 0.1027  2.39103E-17 0.0872  2.13525E-17 0.0785  2.61882E-17 0.0927
  2.22264E-17 0.0877  2.48087E-17 0.1057  2.57614E-17 0.1088  2.15050E-17 0.0863
  2.12961E-17 0.0889  7.27335E-15 0.0464
tfc    4       1       1       1       1       1       1       1     342
     500000  7.44955E-15  4.25696E-02  3.02053E+00
    1000000  6.94475E-15  2.86564E-02  3.42873E+00
    1500000  7.35973E-15  6.00410E-02  5.15241E-01
    2000000  7.27335E-15  4.64389E-02  6.45247E-01
