mcnp       6     06/26/14 13:49:29     4         2000000     24390313936
 simple nested dxtran test for air transport                                    
ntal     1
    1
tally    1                   -1    0    0
 1 0 0 0 0 0 0 0 0 0 0 0 0 0 0 0 0 0 0 0 0 0 0 0 0 0 0 0 0 0 0 0 0 0 0 0 0
f        1
      1
d        1
u        0
s        0
m        0
c        0
e        0
tt     342
  0.00000E+00  2.00000E+02  4.00000E+02  6.00000E+02  8.00000E+02  1.00000E+03
  1.20000E+03  1.40000E+03  1.60000E+03  1.80000E+03  2.00000E+03  2.20000E+03
  2.40000E+03  2.60000E+03  2.80000E+03  3.00000E+03  3.20000E+03  3.40000E+03
  3.60000E+03  3.80000E+03  4.00000E+03  4.20000E+03  4.40000E+03  4.60000E+03
  4.80000E+03  5.00000E+03  5.20000E+03  5.40000E+03  5.60000E+03  5.80000E+03
  6.00000E+03  6.20000E+03  6.40000E+03  6.60000E+03  6.80000E+03  7.00000E+03
  7.20000E+03  7.40000E+03  7.60000E+03  7.80000E+03  8.00000E+03  8.20000E+03
  8.40000E+03  8.60000E+03  8.80000E+03  9.00000E+03  9.20000E+03  9.40000E+03
  9.60000E+03  9.80000E+03  1.00000E+04  1.02000E+04  1.04000E+04  1.06000E+04
  1.08000E+04  1.10000E+04  1.12000E+04  1.14000E+04  1.16000E+04  1.18000E+04
  1.20000E+04  1.22000E+04  1.24000E+04  1.26000E+04  1.28000E+04  1.30000E+04
  1.32000E+04  1.34000E+04  1.36000E+04  1.38000E+04  1.40000E+04  1.42000E+04
  1.44000E+04  1.46000E+04  1.48000E+04  1.50000E+04  1.52000E+04  1.54000E+04
  1.56000E+04  1.58000E+04  1.60000E+04  1.62000E+04  1.64000E+04  1.66000E+04
  1.68000E+04  1.70000E+04  1.72000E+04  1.74000E+04  1.76000E+04  1.78000E+04
  1.80000E+04  1.82000E+04  1.84000E+04  1.86000E+04  1.88000E+04  1.90000E+04
  1.92000E+04  1.94000E+04  1.96000E+04  1.98000E+04  2.00000E+04  2.02000E+04
  2.04000E+04  2.06000E+04  2.08000E+04  2.10000E+04  2.12000E+04  2.14000E+04
  2.16000E+04  2.18000E+04  2.20000E+04  2.22000E+04  2.24000E+04  2.26000E+04
  2.28000E+04  2.30000E+04  2.32000E+04  2.34000E+04  2.36000E+04  2.38000E+04
  2.40000E+04  2.42000E+04  2.44000E+04  2.46000E+04  2.48000E+04  2.50000E+04
  2.52000E+04  2.54000E+04  2.56000E+04  2.58000E+04  2.60000E+04  2.62000E+04
  2.64000E+04  2.66000E+04  2.68000E+04  2.70000E+04  2.72000E+04  2.74000E+04
  2.76000E+04  2.78000E+04  2.80000E+04  2.82000E+04  2.84000E+04  2.86000E+04
  2.88000E+04  2.90000E+04  2.92000E+04  2.94000E+04  2.96000E+04  2.98000E+04
  3.00000E+04  3.02000E+04  3.04000E+04  3.06000E+04  3.08000E+04  3.10000E+04
  3.12000E+04  3.14000E+04  3.16000E+04  3.18000E+04  3.20000E+04  3.22000E+04
  3.24000E+04  3.26000E+04  3.28000E+04  3.30000E+04  3.32000E+04  3.34000E+04
  3.36000E+04  3.38000E+04  3.40000E+04  3.42000E+04  3.44000E+04  3.46000E+04
  3.48000E+04  3.50000E+04  3.52000E+04  3.54000E+04  3.56000E+04  3.58000E+04
  3.60000E+04  3.62000E+04  3.64000E+04  3.66000E+04  3.68000E+04  3.70000E+04
  3.72000E+04  3.74000E+04  3.76000E+04  3.78000E+04  3.80000E+04  3.82000E+04
  3.84000E+04  3.86000E+04  3.88000E+04  3.90000E+04  3.92000E+04  3.94000E+04
  3.96000E+04  3.98000E+04  4.00000E+04  4.02000E+04  4.04000E+04  4.06000E+04
  4.08000E+04  4.10000E+04  4.12000E+04  4.14000E+04  4.16000E+04  4.18000E+04
  4.20000E+04  4.22000E+04  4.24000E+04  4.26000E+04  4.28000E+04  4.30000E+04
  4.32000E+04  4.34000E+04  4.36000E+04  4.38000E+04  4.40000E+04  4.42000E+04
  4.44000E+04  4.46000E+04  4.48000E+04  4.50000E+04  4.52000E+04  4.54000E+04
  4.56000E+04  4.58000E+04  4.60000E+04  4.62000E+04  4.64000E+04  4.66000E+04
  4.68000E+04  4.70000E+04  4.72000E+04  4.74000E+04  4.76000E+04  4.78000E+04
  4.80000E+04  4.82000E+04  4.84000E+04  4.86000E+04  4.88000E+04  4.90000E+04
  4.92000E+04  4.94000E+04  4.96000E+04  4.98000E+04  5.00000E+04  5.02000E+04
  5.04000E+04  5.06000E+04  5.08000E+04  5.10000E+04  5.12000E+04  5.14000E+04
  5.16000E+04  5.18000E+04  5.20000E+04  5.22000E+04  5.24000E+04  5.26000E+04
  5.28000E+04  5.30000E+04  5.32000E+04  5.34000E+04  5.36000E+04  5.38000E+04
  5.40000E+04  5.42000E+04  5.44000E+04  5.46000E+04  5.48000E+04  5.50000E+04
  5.52000E+04  5.54000E+04  5.56000E+04  5.58000E+04  5.60000E+04  5.62000E+04
  5.64000E+04  5.66000E+04  5.68000E+04  5.70000E+04  5.72000E+04  5.74000E+04
  5.76000E+04  5.78000E+04  5.80000E+04  5.82000E+04  5.84000E+04  5.86000E+04
  5.88000E+04  5.90000E+04  5.92000E+04  5.94000E+04  5.96000E+04  5.98000E+04
  6.00000E+04  6.10000E+04  6.20000E+04  6.30000E+04  6.40000E+04  6.50000E+04
  6.60000E+04  6.70000E+04  6.80000E+04  6.90000E+04  7.00000E+04  7.10000E+04
  7.20000E+04  7.30000E+04  7.40000E+04  7.50000E+04  7.60000E+04  7.70000E+04
  7.80000E+04  7.90000E+04  8.00000E+04  8.10000E+04  8.20000E+04  8.30000E+04
  8.40000E+04  8.50000E+04  8.60000E+04  8.70000E+04  8.80000E+04  8.90000E+04
  9.00000E+04  9.10000E+04  9.20000E+04  9.30000E+04  9.40000E+04  9.50000E+04
  9.60000E+04  9.70000E+04  9.80000E+04  9.90000E+04  1.00000E+05
vals
  0.00000E+00 0.0000  0.00000E+00 0.0000  0.00000E+00 0.0000  0.00000E+00 0.0000
  0.00000E+00 0.0000  0.00000E+00 0.0000  0.00000E+00 0.0000  0.00000E+00 0.0000
  0.00000E+00 0.0000  0.00000E+00 0.0000  0.00000E+00 0.0000  0.00000E+00 0.0000
  0.00000E+00 0.0000  0.00000E+00 0.0000  0.00000E+00 0.0000  0.00000E+00 0.0000
  0.00000E+00 0.0000  0.00000E+00 0.0000  0.00000E+00 0.0000  0.00000E+00 0.0000
  0.00000E+00 0.0000  0.00000E+00 0.0000  0.00000E+00 0.0000  0.00000E+00 0.0000
  4.19694E-20 1.0000  2.67593E-19 0.6180  8.39443E-20 0.7071  6.00564E-19 0.4522
  1.19094E-18 0.4546  8.33970E-19 0.5062  2.05395E-18 0.2799  3.46277E-18 0.2830
  4.62709E-18 0.2516  6.54234E-18 0.1763  4.49675E-18 0.1758  1.38086E-17 0.2774
  1.75417E-17 0.2701  1.61064E-17 0.2007  1.29936E-17 0.1386  1.27100E-17 0.1244
  1.08956E-17 0.1550  1.19584E-17 0.1366  1.14521E-17 0.1175  8.92273E-18 0.1377
  1.43629E-17 0.2799  1.27786E-17 0.2114  1.50420E-17 0.1830  1.27380E-17 0.1676
  1.31668E-17 0.1560  1.21661E-17 0.0927  1.86680E-17 0.2767  1.94479E-17 0.1081
  1.93185E-17 0.1195  2.66003E-17 0.1851  1.71084E-17 0.0839  2.03733E-17 0.0947
  2.11380E-17 0.0932  1.79252E-17 0.0778  2.06699E-17 0.0925  2.69755E-17 0.1404
  4.12061E-17 0.3372  2.70717E-17 0.1051  2.54546E-17 0.1091  2.57853E-17 0.1002
  3.27943E-17 0.2038  3.29737E-17 0.1197  2.91702E-17 0.1195  3.57150E-17 0.1024
  2.59628E-17 0.0852  2.80724E-17 0.1207  3.34130E-17 0.1890  2.57145E-17 0.0719
  2.79963E-17 0.0809  3.42370E-17 0.0996  2.78360E-17 0.1274  2.90244E-17 0.0839
  4.52780E-17 0.2783  2.89097E-17 0.0943  3.92109E-17 0.1952  3.28145E-17 0.2515
  3.54941E-17 0.1774  3.62063E-17 0.1541  2.47903E-17 0.0784  2.62052E-17 0.0776
  2.49117E-17 0.0781  3.34608E-17 0.1138  2.93183E-17 0.0909  3.16384E-17 0.0783
  3.03957E-17 0.1046  2.91387E-17 0.0877  2.56672E-17 0.0758  3.07570E-17 0.0824
  3.02856E-17 0.0861  2.55201E-17 0.0692  3.27564E-17 0.1062  3.01013E-17 0.0886
  2.47574E-17 0.0705  3.04177E-17 0.0969  3.10354E-17 0.0942  3.33572E-17 0.0955
  2.91402E-17 0.0831  5.53670E-17 0.3946  2.67882E-17 0.1185  4.20318E-17 0.2126
  3.17110E-17 0.1070  3.22728E-17 0.1369  3.01189E-17 0.0948  2.95882E-17 0.0748
  2.88184E-17 0.0885  3.82999E-17 0.1841  3.21299E-17 0.1689  3.16769E-17 0.0975
  3.31939E-17 0.0914  2.72384E-17 0.0894  3.01816E-17 0.1270  7.60335E-17 0.5934
  3.16199E-17 0.0920  3.01906E-17 0.0979  2.84795E-17 0.0888  2.64114E-17 0.0955
  2.73883E-17 0.0746  3.57979E-17 0.1021  2.91058E-17 0.1101  3.29509E-17 0.1459
  2.69561E-17 0.1140  3.45012E-17 0.1257  2.67025E-17 0.0879  2.79468E-17 0.1022
  2.70526E-17 0.1045  2.71574E-17 0.0901  3.21352E-17 0.1795  2.27080E-17 0.0834
  3.00632E-17 0.0995  3.21546E-17 0.1919  2.87470E-17 0.0991  2.79756E-17 0.1100
  2.78607E-17 0.1384  3.91471E-17 0.3120  3.57428E-17 0.2202  2.34876E-17 0.0889
  3.04317E-17 0.1518  2.59942E-17 0.0977  3.04687E-17 0.1595  2.98680E-17 0.1209
  3.25202E-17 0.1979  3.16357E-17 0.1692  2.64179E-17 0.1191  2.66622E-17 0.1077
  2.23993E-17 0.0954  3.07070E-17 0.2960  2.45889E-17 0.1625  2.64559E-17 0.1204
  2.59074E-17 0.1196  3.89709E-17 0.1857  2.06955E-17 0.1015  2.99012E-17 0.1551
  2.05384E-17 0.0963  2.67246E-17 0.1097  2.30906E-17 0.1574  3.80785E-17 0.2233
  1.93608E-17 0.1063  4.13625E-17 0.5039  2.35578E-17 0.1603  2.39108E-17 0.1060
  2.21060E-17 0.1301  1.91720E-17 0.0985  2.77397E-17 0.3458  2.78480E-17 0.1770
  2.37817E-17 0.1349  3.35032E-17 0.3081  2.18132E-17 0.1253  1.97703E-17 0.1341
  1.95742E-17 0.1103  1.97653E-17 0.1118  2.02647E-17 0.1436  1.94084E-17 0.1354
  1.77371E-17 0.1106  1.95340E-17 0.1011  1.72346E-17 0.1060  2.12236E-17 0.1148
  2.15206E-17 0.1384  2.06067E-17 0.1357  1.99079E-17 0.1500  1.89923E-17 0.1232
  1.80508E-17 0.1285  1.88812E-17 0.1095  1.71073E-17 0.1236  2.10958E-17 0.1430
  2.32864E-17 0.1786  2.00302E-17 0.1884  1.86928E-17 0.1330  2.01230E-17 0.1596
  1.61051E-17 0.1231  1.58569E-17 0.1056  3.71558E-17 0.3496  1.67903E-17 0.1135
  1.74693E-17 0.2150  2.21916E-17 0.1773  1.63733E-17 0.0964  1.52175E-17 0.1450
  2.24182E-17 0.2945  1.39684E-17 0.1052  1.70069E-17 0.1062  1.72779E-17 0.1211
  2.15463E-17 0.3004  2.01752E-17 0.1554  2.07034E-17 0.2039  2.86964E-17 0.2348
  1.31445E-17 0.1000  1.43384E-17 0.1149  2.84885E-17 0.3976  1.92673E-17 0.1334
  1.66436E-17 0.1310  1.45338E-17 0.1027  1.49770E-17 0.1565  1.33229E-17 0.1415
  1.41618E-17 0.1861  1.59123E-17 0.1258  1.69663E-17 0.1433  1.34367E-17 0.1024
  1.09487E-17 0.1072  2.01338E-17 0.1989  1.28144E-17 0.1150  1.08169E-17 0.1034
  1.17103E-17 0.1204  1.34505E-17 0.2030  1.40885E-17 0.1150  1.67001E-17 0.1438
  1.27685E-17 0.1282  2.36416E-17 0.2024  1.32252E-17 0.1281  1.58209E-17 0.1383
  1.78074E-17 0.1542  8.45216E-18 0.1080  1.31921E-17 0.1091  1.32892E-17 0.1860
  1.95162E-17 0.2465  1.23272E-17 0.1214  1.74745E-17 0.2017  1.52331E-17 0.1222
  1.32485E-17 0.1228  1.06495E-17 0.1031  1.88213E-17 0.2205  1.39614E-17 0.2181
  1.54004E-17 0.2056  1.00855E-17 0.1175  1.06401E-17 0.1306  1.32279E-17 0.1827
  1.33809E-17 0.1370  1.06778E-17 0.1427  1.27636E-17 0.1359  1.35643E-17 0.1908
  1.24031E-17 0.1244  1.15890E-17 0.1369  1.15726E-17 0.1184  1.16464E-17 0.1061
  1.44429E-17 0.1690  9.87918E-18 0.1743  1.24647E-17 0.1664  9.24966E-18 0.1478
  1.24560E-17 0.1351  1.35787E-17 0.1777  1.22864E-17 0.2152  1.00670E-17 0.1435
  1.08560E-17 0.1225  6.96742E-18 0.1212  1.14270E-17 0.1647  1.05051E-17 0.1642
  1.04922E-17 0.1185  1.01186E-17 0.1058  1.00243E-17 0.1212  1.29737E-17 0.1326
  1.25483E-17 0.1538  1.17800E-17 0.1390  9.27454E-18 0.1224  1.41863E-17 0.1733
  1.04683E-17 0.1392  9.85624E-18 0.1346  1.28794E-17 0.1605  8.64441E-18 0.1374
  1.21573E-17 0.1706  1.11780E-17 0.2360  1.27218E-17 0.1812  8.42082E-18 0.1325
  9.12857E-18 0.1239  1.11988E-17 0.1740  9.96477E-18 0.1503  1.05342E-17 0.1417
  9.58293E-18 0.1325  1.17342E-17 0.1446  1.34988E-17 0.2189  1.08846E-17 0.3727
  1.20882E-17 0.2346  1.04985E-17 0.1684  1.09953E-17 0.1952  1.36363E-17 0.3125
  9.14852E-18 0.1540  9.54663E-18 0.1280  7.36946E-18 0.1206  9.75157E-18 0.1828
  7.44950E-18 0.1596  5.81220E-17 0.1706  5.13947E-17 0.0808  4.13139E-17 0.0704
  4.25915E-17 0.0712  4.71900E-17 0.1167  4.26622E-17 0.0723  4.08605E-17 0.0775
  3.62097E-17 0.1008  4.25361E-17 0.1152  3.52574E-17 0.0727  3.67455E-17 0.0897
  4.33124E-17 0.1855  3.93973E-17 0.0970  3.10481E-17 0.0787  3.38709E-17 0.0851
  3.66035E-17 0.1554  2.89678E-17 0.0842  3.72953E-17 0.1524  3.16742E-17 0.1414
  3.57103E-17 0.0956  2.86483E-17 0.1004  3.52428E-17 0.1035  2.87893E-17 0.0947
  2.93377E-17 0.0888  2.38693E-17 0.0747  2.29645E-17 0.0829  2.83437E-17 0.1026
  3.06961E-17 0.1285  2.80014E-17 0.0892  2.31940E-17 0.0879  3.46767E-17 0.1655
  2.64347E-17 0.1348  2.44610E-17 0.1472  2.03758E-17 0.0873  2.80784E-17 0.0961
  2.59481E-17 0.1145  2.32802E-17 0.0925  2.57876E-17 0.2092  2.17792E-17 0.0977
  2.51668E-17 0.1009  7.02776E-15 0.0207
tfc    4       1       1       1       1       1       1       1     342
     500000  7.09764E-15  4.20273E-02  3.19345E+00
    1000000  7.26515E-15  2.83064E-02  3.47978E+00
    1500000  7.13209E-15  2.43177E-02  3.15852E+00
    2000000  7.02776E-15  2.06661E-02  3.28648E+00
