mcnp       6     06/27/14 08:19:16     5         2000000     24691850449
 simple nested dxtran test for air transport                                    
ntal     1
    1
tally    1                   -1    0    0
 1 0 0 0 0 0 0 0 0 0 0 0 0 0 0 0 0 0 0 0 0 0 0 0 0 0 0 0 0 0 0 0 0 0 0 0 0
f        1
      1
d        1
u        0
s        0
m        0
c        0
e        0
tt     342
  0.00000E+00  2.00000E+02  4.00000E+02  6.00000E+02  8.00000E+02  1.00000E+03
  1.20000E+03  1.40000E+03  1.60000E+03  1.80000E+03  2.00000E+03  2.20000E+03
  2.40000E+03  2.60000E+03  2.80000E+03  3.00000E+03  3.20000E+03  3.40000E+03
  3.60000E+03  3.80000E+03  4.00000E+03  4.20000E+03  4.40000E+03  4.60000E+03
  4.80000E+03  5.00000E+03  5.20000E+03  5.40000E+03  5.60000E+03  5.80000E+03
  6.00000E+03  6.20000E+03  6.40000E+03  6.60000E+03  6.80000E+03  7.00000E+03
  7.20000E+03  7.40000E+03  7.60000E+03  7.80000E+03  8.00000E+03  8.20000E+03
  8.40000E+03  8.60000E+03  8.80000E+03  9.00000E+03  9.20000E+03  9.40000E+03
  9.60000E+03  9.80000E+03  1.00000E+04  1.02000E+04  1.04000E+04  1.06000E+04
  1.08000E+04  1.10000E+04  1.12000E+04  1.14000E+04  1.16000E+04  1.18000E+04
  1.20000E+04  1.22000E+04  1.24000E+04  1.26000E+04  1.28000E+04  1.30000E+04
  1.32000E+04  1.34000E+04  1.36000E+04  1.38000E+04  1.40000E+04  1.42000E+04
  1.44000E+04  1.46000E+04  1.48000E+04  1.50000E+04  1.52000E+04  1.54000E+04
  1.56000E+04  1.58000E+04  1.60000E+04  1.62000E+04  1.64000E+04  1.66000E+04
  1.68000E+04  1.70000E+04  1.72000E+04  1.74000E+04  1.76000E+04  1.78000E+04
  1.80000E+04  1.82000E+04  1.84000E+04  1.86000E+04  1.88000E+04  1.90000E+04
  1.92000E+04  1.94000E+04  1.96000E+04  1.98000E+04  2.00000E+04  2.02000E+04
  2.04000E+04  2.06000E+04  2.08000E+04  2.10000E+04  2.12000E+04  2.14000E+04
  2.16000E+04  2.18000E+04  2.20000E+04  2.22000E+04  2.24000E+04  2.26000E+04
  2.28000E+04  2.30000E+04  2.32000E+04  2.34000E+04  2.36000E+04  2.38000E+04
  2.40000E+04  2.42000E+04  2.44000E+04  2.46000E+04  2.48000E+04  2.50000E+04
  2.52000E+04  2.54000E+04  2.56000E+04  2.58000E+04  2.60000E+04  2.62000E+04
  2.64000E+04  2.66000E+04  2.68000E+04  2.70000E+04  2.72000E+04  2.74000E+04
  2.76000E+04  2.78000E+04  2.80000E+04  2.82000E+04  2.84000E+04  2.86000E+04
  2.88000E+04  2.90000E+04  2.92000E+04  2.94000E+04  2.96000E+04  2.98000E+04
  3.00000E+04  3.02000E+04  3.04000E+04  3.06000E+04  3.08000E+04  3.10000E+04
  3.12000E+04  3.14000E+04  3.16000E+04  3.18000E+04  3.20000E+04  3.22000E+04
  3.24000E+04  3.26000E+04  3.28000E+04  3.30000E+04  3.32000E+04  3.34000E+04
  3.36000E+04  3.38000E+04  3.40000E+04  3.42000E+04  3.44000E+04  3.46000E+04
  3.48000E+04  3.50000E+04  3.52000E+04  3.54000E+04  3.56000E+04  3.58000E+04
  3.60000E+04  3.62000E+04  3.64000E+04  3.66000E+04  3.68000E+04  3.70000E+04
  3.72000E+04  3.74000E+04  3.76000E+04  3.78000E+04  3.80000E+04  3.82000E+04
  3.84000E+04  3.86000E+04  3.88000E+04  3.90000E+04  3.92000E+04  3.94000E+04
  3.96000E+04  3.98000E+04  4.00000E+04  4.02000E+04  4.04000E+04  4.06000E+04
  4.08000E+04  4.10000E+04  4.12000E+04  4.14000E+04  4.16000E+04  4.18000E+04
  4.20000E+04  4.22000E+04  4.24000E+04  4.26000E+04  4.28000E+04  4.30000E+04
  4.32000E+04  4.34000E+04  4.36000E+04  4.38000E+04  4.40000E+04  4.42000E+04
  4.44000E+04  4.46000E+04  4.48000E+04  4.50000E+04  4.52000E+04  4.54000E+04
  4.56000E+04  4.58000E+04  4.60000E+04  4.62000E+04  4.64000E+04  4.66000E+04
  4.68000E+04  4.70000E+04  4.72000E+04  4.74000E+04  4.76000E+04  4.78000E+04
  4.80000E+04  4.82000E+04  4.84000E+04  4.86000E+04  4.88000E+04  4.90000E+04
  4.92000E+04  4.94000E+04  4.96000E+04  4.98000E+04  5.00000E+04  5.02000E+04
  5.04000E+04  5.06000E+04  5.08000E+04  5.10000E+04  5.12000E+04  5.14000E+04
  5.16000E+04  5.18000E+04  5.20000E+04  5.22000E+04  5.24000E+04  5.26000E+04
  5.28000E+04  5.30000E+04  5.32000E+04  5.34000E+04  5.36000E+04  5.38000E+04
  5.40000E+04  5.42000E+04  5.44000E+04  5.46000E+04  5.48000E+04  5.50000E+04
  5.52000E+04  5.54000E+04  5.56000E+04  5.58000E+04  5.60000E+04  5.62000E+04
  5.64000E+04  5.66000E+04  5.68000E+04  5.70000E+04  5.72000E+04  5.74000E+04
  5.76000E+04  5.78000E+04  5.80000E+04  5.82000E+04  5.84000E+04  5.86000E+04
  5.88000E+04  5.90000E+04  5.92000E+04  5.94000E+04  5.96000E+04  5.98000E+04
  6.00000E+04  6.10000E+04  6.20000E+04  6.30000E+04  6.40000E+04  6.50000E+04
  6.60000E+04  6.70000E+04  6.80000E+04  6.90000E+04  7.00000E+04  7.10000E+04
  7.20000E+04  7.30000E+04  7.40000E+04  7.50000E+04  7.60000E+04  7.70000E+04
  7.80000E+04  7.90000E+04  8.00000E+04  8.10000E+04  8.20000E+04  8.30000E+04
  8.40000E+04  8.50000E+04  8.60000E+04  8.70000E+04  8.80000E+04  8.90000E+04
  9.00000E+04  9.10000E+04  9.20000E+04  9.30000E+04  9.40000E+04  9.50000E+04
  9.60000E+04  9.70000E+04  9.80000E+04  9.90000E+04  1.00000E+05
vals
  0.00000E+00 0.0000  0.00000E+00 0.0000  0.00000E+00 0.0000  0.00000E+00 0.0000
  0.00000E+00 0.0000  0.00000E+00 0.0000  0.00000E+00 0.0000  0.00000E+00 0.0000
  0.00000E+00 0.0000  0.00000E+00 0.0000  0.00000E+00 0.0000  0.00000E+00 0.0000
  0.00000E+00 0.0000  0.00000E+00 0.0000  0.00000E+00 0.0000  0.00000E+00 0.0000
  0.00000E+00 0.0000  0.00000E+00 0.0000  0.00000E+00 0.0000  0.00000E+00 0.0000
  0.00000E+00 0.0000  0.00000E+00 0.0000  0.00000E+00 0.0000  0.00000E+00 0.0000
  0.00000E+00 0.0000  0.00000E+00 0.0000  1.00566E-19 0.7147  7.09796E-19 0.3535
  1.94459E-18 0.4068  2.22205E-18 0.5583  2.02818E-18 0.2507  4.52587E-18 0.2862
  4.90339E-18 0.1696  3.89085E-18 0.2423  6.32827E-18 0.2174  9.77930E-18 0.1941
  1.30033E-17 0.1362  1.62209E-17 0.1727  1.84157E-17 0.1765  1.57597E-17 0.1458
  1.11594E-17 0.1447  1.65691E-17 0.2534  1.09846E-17 0.1637  8.68856E-18 0.1314
  1.08291E-17 0.1322  9.49131E-18 0.1284  9.59310E-18 0.1219  1.55559E-17 0.1688
  1.16875E-17 0.1176  1.21183E-17 0.0936  1.59748E-17 0.0868  1.45315E-17 0.1291
  1.81929E-17 0.0962  1.81912E-17 0.1156  2.31446E-17 0.1442  1.96727E-17 0.0798
  3.03051E-17 0.1800  2.01299E-17 0.1069  1.96413E-17 0.1231  2.09863E-17 0.1162
  2.56535E-17 0.1066  2.72622E-17 0.1173  2.39535E-17 0.1004  2.34593E-17 0.0857
  2.62224E-17 0.1226  2.77257E-17 0.1055  3.01921E-17 0.2361  2.57062E-17 0.0971
  2.34619E-17 0.1009  5.46241E-17 0.4454  2.63296E-17 0.0949  3.27215E-17 0.1311
  2.67134E-17 0.1252  3.00169E-17 0.1013  2.81225E-17 0.1059  3.32808E-17 0.1885
  2.91686E-17 0.1042  3.12592E-17 0.1078  2.71812E-17 0.0666  3.27810E-17 0.1120
  3.44686E-17 0.1261  3.37376E-17 0.0868  2.79799E-17 0.0816  3.13680E-17 0.1746
  3.63329E-17 0.1266  2.94403E-17 0.0941  3.96820E-17 0.1687  3.22185E-17 0.0989
  3.49082E-17 0.1281  4.01512E-17 0.1355  3.20725E-17 0.1219  3.57703E-17 0.2104
  3.02560E-17 0.1077  2.79137E-17 0.0768  3.33400E-17 0.0726  3.27899E-17 0.0876
  3.73802E-17 0.1064  3.31907E-17 0.1289  3.22547E-17 0.1086  4.33343E-17 0.1607
  4.54049E-17 0.1258  2.89372E-17 0.0829  3.85621E-17 0.1450  6.23196E-17 0.4447
  2.97985E-17 0.0754  3.33026E-17 0.0914  2.97770E-17 0.0882  3.53480E-17 0.1649
  3.19605E-17 0.0850  3.32362E-17 0.1132  3.20979E-17 0.0859  3.68082E-17 0.1143
  4.07296E-17 0.1623  3.69725E-17 0.1094  3.22409E-17 0.1283  3.27412E-17 0.1190
  2.91590E-17 0.0813  2.84135E-17 0.1109  3.93888E-17 0.1172  3.60480E-17 0.2499
  3.53265E-17 0.2756  3.64928E-17 0.1488  2.47952E-17 0.0838  3.69654E-17 0.1338
  3.24318E-17 0.1495  3.09826E-17 0.1832  3.04720E-17 0.0914  2.91309E-17 0.1089
  3.49968E-17 0.1483  2.60142E-17 0.0886  3.32350E-17 0.2367  3.59348E-17 0.1600
  2.40466E-17 0.1179  2.66623E-17 0.1344  3.05508E-17 0.1804  2.87641E-17 0.0963
  3.01313E-17 0.1224  3.38028E-17 0.1447  2.53063E-17 0.1220  2.91306E-17 0.0984
  3.44244E-17 0.1541  2.73225E-17 0.1296  2.58687E-17 0.0966  3.33718E-17 0.1610
  2.57934E-17 0.1233  2.98906E-17 0.1294  2.57610E-17 0.1481  3.11048E-17 0.1418
  2.65136E-17 0.1527  3.66310E-17 0.2135  2.78795E-17 0.1453  5.21705E-17 0.5630
  2.20389E-17 0.1082  2.16979E-17 0.1025  1.92252E-17 0.1164  2.08487E-17 0.0901
  2.05390E-17 0.0958  2.21560E-17 0.1139  2.63870E-17 0.1648  1.90551E-17 0.0868
  2.92388E-17 0.1518  2.57327E-17 0.1039  2.07527E-17 0.1015  3.37242E-17 0.3209
  1.83426E-17 0.0924  1.95980E-17 0.1164  1.88895E-17 0.0807  2.30841E-17 0.1237
  2.49033E-17 0.1458  2.46120E-17 0.1130  1.96595E-17 0.1612  2.98268E-17 0.1465
  2.52671E-17 0.2674  1.84813E-17 0.1281  2.09287E-17 0.1134  2.08189E-17 0.1185
  1.54769E-17 0.0895  2.27923E-17 0.1526  2.96752E-17 0.3508  2.62704E-17 0.1420
  1.97569E-17 0.0974  1.95008E-17 0.1111  1.80189E-17 0.1017  2.38559E-17 0.1289
  1.97609E-17 0.1327  3.20715E-17 0.2312  1.91282E-17 0.1162  2.12469E-17 0.2677
  3.37189E-17 0.3367  1.83858E-17 0.1098  1.66775E-17 0.0922  1.89863E-17 0.1492
  2.61948E-17 0.2217  1.92294E-17 0.1101  2.10611E-17 0.1874  3.02369E-17 0.2114
  1.52013E-17 0.1127  1.59548E-17 0.0931  1.79454E-17 0.1097  1.85026E-17 0.1815
  1.52503E-17 0.1041  1.57171E-17 0.1145  1.70912E-17 0.1124  1.70027E-17 0.1038
  1.38805E-17 0.1130  1.61025E-17 0.1087  2.14057E-17 0.1314  1.99382E-17 0.1300
  2.17261E-17 0.2247  1.87083E-17 0.1486  1.65213E-17 0.1104  1.78644E-17 0.1357
  1.56585E-17 0.1139  1.39457E-17 0.1069  1.50448E-17 0.1612  1.78138E-17 0.1233
  1.39021E-17 0.1891  1.59683E-17 0.1453  1.49527E-17 0.1090  1.56744E-17 0.1532
  6.31426E-17 0.7920  2.02436E-17 0.1691  1.69602E-17 0.1293  1.21233E-17 0.0929
  1.83403E-17 0.1461  1.65547E-17 0.1107  1.96544E-17 0.1201  1.39702E-17 0.1101
  1.60373E-17 0.1848  1.04976E-17 0.0960  1.10082E-17 0.0952  1.40467E-17 0.1086
  1.16964E-17 0.1133  1.22771E-17 0.1550  1.97567E-17 0.1677  1.34197E-17 0.1005
  1.33510E-17 0.1241  1.25893E-17 0.1403  1.60704E-17 0.1335  2.31364E-17 0.2163
  1.49981E-17 0.1586  1.58477E-17 0.1366  1.96613E-17 0.1864  1.41971E-17 0.1941
  1.48994E-17 0.1311  1.43759E-17 0.1540  1.32405E-17 0.1015  1.24405E-17 0.1515
  1.20739E-17 0.1339  1.16021E-17 0.1137  1.45887E-17 0.1503  1.28615E-17 0.1331
  1.28883E-17 0.1459  1.12632E-17 0.1336  1.32871E-17 0.1678  1.45396E-17 0.1933
  1.16655E-17 0.1170  1.26589E-17 0.1319  1.29239E-17 0.1335  1.28818E-17 0.2100
  1.04686E-17 0.1215  1.25965E-17 0.1694  1.16562E-17 0.1539  1.27426E-17 0.1923
  1.33762E-17 0.1416  1.17994E-17 0.1655  1.25346E-17 0.1968  1.08621E-17 0.1384
  1.07581E-17 0.1442  1.42322E-17 0.1572  1.44654E-17 0.1471  9.43817E-18 0.1204
  1.61045E-17 0.2764  1.11640E-17 0.1346  1.03683E-17 0.1611  1.54629E-17 0.2024
  8.96665E-18 0.1075  1.03315E-17 0.1657  1.22754E-17 0.1735  1.27649E-17 0.1972
  1.21445E-17 0.1571  1.10695E-17 0.1292  9.88014E-18 0.1500  1.13661E-17 0.1386
  9.49984E-18 0.1249  1.27427E-17 0.1838  1.02640E-17 0.1576  1.23748E-17 0.1667
  1.04613E-17 0.1578  1.08902E-17 0.1395  8.81069E-18 0.1213  7.79066E-18 0.1109
  8.66945E-18 0.1443  1.22547E-17 0.2737  1.05322E-17 0.1368  9.64574E-18 0.1412
  1.16509E-17 0.2446  8.50695E-18 0.1232  8.52482E-18 0.1254  1.00836E-17 0.1417
  9.16800E-18 0.2361  4.35721E-17 0.0680  4.35361E-17 0.0774  4.89197E-17 0.0954
  4.30060E-17 0.0876  4.21947E-17 0.0789  4.19352E-17 0.0793  4.59419E-17 0.0933
  4.07255E-17 0.1153  4.48958E-17 0.0874  4.09853E-17 0.0996  4.39753E-17 0.0895
  4.16923E-17 0.0954  4.47410E-17 0.1140  3.48912E-17 0.0851  4.16781E-17 0.1068
  4.07211E-17 0.0902  3.69064E-17 0.1546  3.18464E-17 0.0672  3.58155E-17 0.0933
  3.13855E-17 0.0913  3.19910E-17 0.0858  3.77958E-17 0.1441  2.62067E-17 0.0732
  2.90450E-17 0.0790  3.48166E-17 0.1125  2.70139E-17 0.0878  2.52972E-17 0.0689
  4.29500E-17 0.3840  2.54217E-17 0.0871  2.23212E-17 0.0821  3.11149E-17 0.1104
  2.80096E-17 0.1496  2.44184E-17 0.1026  3.19583E-17 0.1384  2.17842E-17 0.0772
  2.50256E-17 0.0854  2.33715E-17 0.0984  2.40102E-17 0.1186  2.08492E-17 0.0867
  2.54684E-17 0.2278  7.25119E-15 0.0211
tfc    4       1       1       1       1       1       1       1     342
     500000  7.24110E-15  4.03795E-02  3.34615E+00
    1000000  7.29772E-15  3.13005E-02  2.76013E+00
    1500000  7.28514E-15  2.42595E-02  3.05436E+00
    2000000  7.25119E-15  2.10610E-02  3.07736E+00
