mcnp       6     06/26/14 16:38:34     5         2000000     24684473681
 simple nested dxtran test for air transport                                    
ntal     1
    1
tally    1                   -1    0    0
 1 0 0 0 0 0 0 0 0 0 0 0 0 0 0 0 0 0 0 0 0 0 0 0 0 0 0 0 0 0 0 0 0 0 0 0 0
f        1
      1
d        1
u        0
s        0
m        0
c        0
e        0
tt     342
  0.00000E+00  2.00000E+02  4.00000E+02  6.00000E+02  8.00000E+02  1.00000E+03
  1.20000E+03  1.40000E+03  1.60000E+03  1.80000E+03  2.00000E+03  2.20000E+03
  2.40000E+03  2.60000E+03  2.80000E+03  3.00000E+03  3.20000E+03  3.40000E+03
  3.60000E+03  3.80000E+03  4.00000E+03  4.20000E+03  4.40000E+03  4.60000E+03
  4.80000E+03  5.00000E+03  5.20000E+03  5.40000E+03  5.60000E+03  5.80000E+03
  6.00000E+03  6.20000E+03  6.40000E+03  6.60000E+03  6.80000E+03  7.00000E+03
  7.20000E+03  7.40000E+03  7.60000E+03  7.80000E+03  8.00000E+03  8.20000E+03
  8.40000E+03  8.60000E+03  8.80000E+03  9.00000E+03  9.20000E+03  9.40000E+03
  9.60000E+03  9.80000E+03  1.00000E+04  1.02000E+04  1.04000E+04  1.06000E+04
  1.08000E+04  1.10000E+04  1.12000E+04  1.14000E+04  1.16000E+04  1.18000E+04
  1.20000E+04  1.22000E+04  1.24000E+04  1.26000E+04  1.28000E+04  1.30000E+04
  1.32000E+04  1.34000E+04  1.36000E+04  1.38000E+04  1.40000E+04  1.42000E+04
  1.44000E+04  1.46000E+04  1.48000E+04  1.50000E+04  1.52000E+04  1.54000E+04
  1.56000E+04  1.58000E+04  1.60000E+04  1.62000E+04  1.64000E+04  1.66000E+04
  1.68000E+04  1.70000E+04  1.72000E+04  1.74000E+04  1.76000E+04  1.78000E+04
  1.80000E+04  1.82000E+04  1.84000E+04  1.86000E+04  1.88000E+04  1.90000E+04
  1.92000E+04  1.94000E+04  1.96000E+04  1.98000E+04  2.00000E+04  2.02000E+04
  2.04000E+04  2.06000E+04  2.08000E+04  2.10000E+04  2.12000E+04  2.14000E+04
  2.16000E+04  2.18000E+04  2.20000E+04  2.22000E+04  2.24000E+04  2.26000E+04
  2.28000E+04  2.30000E+04  2.32000E+04  2.34000E+04  2.36000E+04  2.38000E+04
  2.40000E+04  2.42000E+04  2.44000E+04  2.46000E+04  2.48000E+04  2.50000E+04
  2.52000E+04  2.54000E+04  2.56000E+04  2.58000E+04  2.60000E+04  2.62000E+04
  2.64000E+04  2.66000E+04  2.68000E+04  2.70000E+04  2.72000E+04  2.74000E+04
  2.76000E+04  2.78000E+04  2.80000E+04  2.82000E+04  2.84000E+04  2.86000E+04
  2.88000E+04  2.90000E+04  2.92000E+04  2.94000E+04  2.96000E+04  2.98000E+04
  3.00000E+04  3.02000E+04  3.04000E+04  3.06000E+04  3.08000E+04  3.10000E+04
  3.12000E+04  3.14000E+04  3.16000E+04  3.18000E+04  3.20000E+04  3.22000E+04
  3.24000E+04  3.26000E+04  3.28000E+04  3.30000E+04  3.32000E+04  3.34000E+04
  3.36000E+04  3.38000E+04  3.40000E+04  3.42000E+04  3.44000E+04  3.46000E+04
  3.48000E+04  3.50000E+04  3.52000E+04  3.54000E+04  3.56000E+04  3.58000E+04
  3.60000E+04  3.62000E+04  3.64000E+04  3.66000E+04  3.68000E+04  3.70000E+04
  3.72000E+04  3.74000E+04  3.76000E+04  3.78000E+04  3.80000E+04  3.82000E+04
  3.84000E+04  3.86000E+04  3.88000E+04  3.90000E+04  3.92000E+04  3.94000E+04
  3.96000E+04  3.98000E+04  4.00000E+04  4.02000E+04  4.04000E+04  4.06000E+04
  4.08000E+04  4.10000E+04  4.12000E+04  4.14000E+04  4.16000E+04  4.18000E+04
  4.20000E+04  4.22000E+04  4.24000E+04  4.26000E+04  4.28000E+04  4.30000E+04
  4.32000E+04  4.34000E+04  4.36000E+04  4.38000E+04  4.40000E+04  4.42000E+04
  4.44000E+04  4.46000E+04  4.48000E+04  4.50000E+04  4.52000E+04  4.54000E+04
  4.56000E+04  4.58000E+04  4.60000E+04  4.62000E+04  4.64000E+04  4.66000E+04
  4.68000E+04  4.70000E+04  4.72000E+04  4.74000E+04  4.76000E+04  4.78000E+04
  4.80000E+04  4.82000E+04  4.84000E+04  4.86000E+04  4.88000E+04  4.90000E+04
  4.92000E+04  4.94000E+04  4.96000E+04  4.98000E+04  5.00000E+04  5.02000E+04
  5.04000E+04  5.06000E+04  5.08000E+04  5.10000E+04  5.12000E+04  5.14000E+04
  5.16000E+04  5.18000E+04  5.20000E+04  5.22000E+04  5.24000E+04  5.26000E+04
  5.28000E+04  5.30000E+04  5.32000E+04  5.34000E+04  5.36000E+04  5.38000E+04
  5.40000E+04  5.42000E+04  5.44000E+04  5.46000E+04  5.48000E+04  5.50000E+04
  5.52000E+04  5.54000E+04  5.56000E+04  5.58000E+04  5.60000E+04  5.62000E+04
  5.64000E+04  5.66000E+04  5.68000E+04  5.70000E+04  5.72000E+04  5.74000E+04
  5.76000E+04  5.78000E+04  5.80000E+04  5.82000E+04  5.84000E+04  5.86000E+04
  5.88000E+04  5.90000E+04  5.92000E+04  5.94000E+04  5.96000E+04  5.98000E+04
  6.00000E+04  6.10000E+04  6.20000E+04  6.30000E+04  6.40000E+04  6.50000E+04
  6.60000E+04  6.70000E+04  6.80000E+04  6.90000E+04  7.00000E+04  7.10000E+04
  7.20000E+04  7.30000E+04  7.40000E+04  7.50000E+04  7.60000E+04  7.70000E+04
  7.80000E+04  7.90000E+04  8.00000E+04  8.10000E+04  8.20000E+04  8.30000E+04
  8.40000E+04  8.50000E+04  8.60000E+04  8.70000E+04  8.80000E+04  8.90000E+04
  9.00000E+04  9.10000E+04  9.20000E+04  9.30000E+04  9.40000E+04  9.50000E+04
  9.60000E+04  9.70000E+04  9.80000E+04  9.90000E+04  1.00000E+05
vals
  0.00000E+00 0.0000  0.00000E+00 0.0000  0.00000E+00 0.0000  0.00000E+00 0.0000
  0.00000E+00 0.0000  0.00000E+00 0.0000  0.00000E+00 0.0000  0.00000E+00 0.0000
  0.00000E+00 0.0000  0.00000E+00 0.0000  0.00000E+00 0.0000  0.00000E+00 0.0000
  0.00000E+00 0.0000  0.00000E+00 0.0000  0.00000E+00 0.0000  0.00000E+00 0.0000
  0.00000E+00 0.0000  0.00000E+00 0.0000  0.00000E+00 0.0000  0.00000E+00 0.0000
  0.00000E+00 0.0000  0.00000E+00 0.0000  0.00000E+00 0.0000  0.00000E+00 0.0000
  0.00000E+00 0.0000  9.36442E-19 0.6935  1.72810E-19 0.6184  5.76156E-19 0.5704
  9.20341E-19 0.7433  1.12176E-18 0.4238  2.83778E-18 0.2521  4.14350E-18 0.2731
  8.62271E-18 0.2448  1.10577E-17 0.2806  9.29023E-18 0.2047  1.25842E-17 0.2922
  2.23427E-17 0.2274  1.25239E-17 0.1185  1.36486E-17 0.1473  1.41587E-17 0.1276
  9.07259E-18 0.1203  1.52811E-17 0.1431  1.03949E-17 0.1692  1.21111E-17 0.1231
  9.83762E-18 0.1327  1.15186E-17 0.1943  9.33994E-18 0.1024  1.21985E-17 0.1480
  1.22978E-17 0.1129  1.54359E-17 0.2222  1.47889E-17 0.0996  1.83454E-17 0.0870
  1.88568E-17 0.0958  2.02172E-17 0.0931  2.02512E-17 0.0785  2.19347E-17 0.1379
  2.65836E-17 0.3181  2.33025E-17 0.0815  2.06310E-17 0.0830  2.13387E-17 0.1187
  2.53110E-17 0.0976  3.11034E-17 0.2549  2.99568E-17 0.0982  2.14823E-17 0.0780
  2.98300E-17 0.1252  2.73343E-17 0.0846  2.40401E-17 0.0762  3.06708E-17 0.0980
  2.81095E-17 0.0972  2.63870E-17 0.0790  4.09546E-17 0.2110  2.96093E-17 0.0912
  3.86975E-17 0.2277  2.90427E-17 0.1085  2.92211E-17 0.0994  3.72025E-17 0.1425
  2.98615E-17 0.0865  2.85612E-17 0.1022  3.51212E-17 0.1314  3.40964E-17 0.1196
  2.85818E-17 0.0781  3.01084E-17 0.0832  3.50562E-17 0.1094  2.73256E-17 0.0747
  3.98179E-17 0.1699  3.17890E-17 0.0843  3.89092E-17 0.1637  2.92669E-17 0.1045
  4.01915E-17 0.1129  3.49344E-17 0.0940  4.01359E-17 0.1299  3.61759E-17 0.1184
  3.35669E-17 0.1299  3.44543E-17 0.1005  3.47794E-17 0.1677  3.26997E-17 0.1556
  3.41330E-17 0.0993  4.11430E-17 0.1414  3.39227E-17 0.0851  3.45937E-17 0.1026
  3.35755E-17 0.1377  3.17423E-17 0.1620  3.77113E-17 0.1839  3.40358E-17 0.0984
  2.93211E-17 0.0895  3.35750E-17 0.1128  5.26027E-17 0.2985  2.92904E-17 0.0849
  3.40063E-17 0.1339  2.92095E-17 0.0825  3.38971E-17 0.1149  3.53411E-17 0.1719
  3.41816E-17 0.1045  3.89541E-17 0.1467  2.92687E-17 0.0771  3.34706E-17 0.0824
  2.61520E-17 0.0783  3.55839E-17 0.1859  4.17260E-17 0.1725  3.08720E-17 0.0925
  3.27877E-17 0.1015  3.06183E-17 0.0956  2.76997E-17 0.1131  3.40738E-17 0.1500
  3.59417E-17 0.1249  2.92292E-17 0.1017  2.87576E-17 0.1053  2.83371E-17 0.0912
  2.85887E-17 0.0972  3.35582E-17 0.1596  3.41316E-17 0.1966  2.84701E-17 0.1136
  3.42805E-17 0.1438  2.52751E-17 0.0880  2.91197E-17 0.1169  3.24429E-17 0.1149
  2.30319E-17 0.0955  4.42715E-17 0.3504  3.16992E-17 0.1021  2.53595E-17 0.1147
  3.00834E-17 0.1172  2.65717E-17 0.0940  3.16130E-17 0.1298  3.23067E-17 0.1378
  2.87797E-17 0.0995  2.44720E-17 0.0865  2.75626E-17 0.1377  2.78410E-17 0.0961
  2.94714E-17 0.1350  2.92255E-17 0.1335  2.90803E-17 0.1121  3.33704E-17 0.2298
  2.68345E-17 0.1106  1.79890E-17 0.0995  2.21341E-17 0.0925  2.66337E-17 0.2452
  2.33651E-17 0.0982  2.95009E-17 0.1923  2.31769E-17 0.0953  2.23568E-17 0.0918
  1.96806E-17 0.0939  2.67380E-17 0.1412  2.47907E-17 0.1391  3.07630E-17 0.1693
  2.30638E-17 0.1387  1.91789E-17 0.0869  2.70838E-17 0.1811  2.29225E-17 0.0973
  1.93108E-17 0.1073  2.14131E-17 0.0932  2.42807E-17 0.1174  2.48463E-17 0.1448
  2.13619E-17 0.0993  1.99531E-17 0.1061  2.26495E-17 0.1174  2.35629E-17 0.1368
  4.05486E-17 0.5053  2.34909E-17 0.1349  1.80490E-17 0.1139  2.39665E-17 0.1515
  1.99123E-17 0.1122  1.82286E-17 0.1193  1.59175E-17 0.1013  2.86756E-17 0.1962
  2.63286E-17 0.1930  2.20787E-17 0.1081  1.76709E-17 0.1076  1.85375E-17 0.1109
  2.24848E-17 0.1090  1.81086E-17 0.1442  1.78717E-17 0.1073  2.01009E-17 0.1294
  1.84096E-17 0.0987  2.02046E-17 0.0867  1.89079E-17 0.0980  2.33004E-17 0.1888
  1.74045E-17 0.1416  1.66261E-17 0.1211  1.56071E-17 0.1048  1.87329E-17 0.1153
  1.48550E-17 0.0947  1.68265E-17 0.1390  1.73529E-17 0.1811  1.95989E-17 0.1635
  1.75683E-17 0.1028  1.67026E-17 0.1379  3.11574E-17 0.4206  1.62037E-17 0.1375
  1.85302E-17 0.1730  1.77937E-17 0.1236  1.49560E-17 0.1380  1.60047E-17 0.1392
  1.85912E-17 0.1328  1.56290E-17 0.1073  2.05090E-17 0.1849  1.32953E-17 0.0979
  1.54242E-17 0.1678  1.41466E-17 0.1196  1.31225E-17 0.1032  1.90240E-17 0.1762
  1.50088E-17 0.1128  2.00100E-17 0.2050  1.71961E-17 0.1656  1.63808E-17 0.1458
  1.46383E-17 0.1209  1.65801E-17 0.0992  1.42455E-17 0.1062  1.35639E-17 0.1436
  1.38301E-17 0.1228  1.29660E-17 0.1184  1.30667E-17 0.1310  1.71816E-17 0.3895
  1.17429E-17 0.1175  1.32628E-17 0.1189  1.34546E-17 0.1271  1.39710E-17 0.1613
  1.51523E-17 0.1318  1.48382E-17 0.1279  1.98255E-17 0.2246  1.18656E-17 0.1363
  1.40936E-17 0.1292  1.65406E-17 0.1721  2.14733E-17 0.3811  1.50379E-17 0.1631
  1.21836E-17 0.1183  1.24701E-17 0.1209  1.01504E-17 0.0984  1.21125E-17 0.1318
  1.20315E-17 0.1245  1.22116E-17 0.1254  2.09612E-17 0.2743  1.33993E-17 0.1427
  1.08204E-17 0.1152  1.40798E-17 0.1456  1.15048E-17 0.1589  1.04899E-17 0.1221
  1.25305E-17 0.1532  1.23625E-17 0.1080  1.19897E-17 0.1572  1.09810E-17 0.1269
  1.16603E-17 0.1523  1.32791E-17 0.1484  8.80026E-18 0.1072  1.06135E-17 0.1211
  1.10988E-17 0.1384  1.23288E-17 0.1685  1.63832E-17 0.1605  1.23686E-17 0.1378
  8.69777E-18 0.1235  1.33834E-17 0.1609  1.39810E-17 0.1475  1.07577E-17 0.1475
  1.16392E-17 0.2608  1.04592E-17 0.1291  9.95276E-18 0.1103  1.01428E-17 0.1372
  1.31560E-17 0.1622  9.59870E-18 0.1399  1.15535E-17 0.1339  1.51286E-17 0.1916
  9.36272E-18 0.1197  8.73471E-18 0.1403  1.02639E-17 0.1100  1.22634E-17 0.1965
  8.84676E-18 0.1240  1.20895E-17 0.2044  8.83236E-18 0.1306  9.78644E-18 0.1775
  1.48150E-17 0.2559  1.18297E-17 0.1185  8.62106E-18 0.1801  1.16378E-17 0.1279
  1.07152E-17 0.1647  1.42794E-17 0.2019  1.06269E-17 0.2634  8.29982E-18 0.1322
  1.44033E-17 0.3269  1.31661E-17 0.1960  9.31534E-18 0.1123  8.59667E-18 0.1581
  1.02180E-17 0.1473  5.32700E-17 0.0903  4.69807E-17 0.0715  4.75764E-17 0.0863
  5.03672E-17 0.1251  3.94316E-17 0.0658  3.98789E-17 0.0775  4.28386E-17 0.0824
  4.97105E-17 0.1324  4.30332E-17 0.0933  4.42686E-17 0.0862  3.78589E-17 0.0948
  3.21157E-17 0.0790  3.41768E-17 0.0755  3.73867E-17 0.0839  3.13632E-17 0.0914
  3.81679E-17 0.1144  3.69277E-17 0.0918  3.42426E-17 0.0799  3.35257E-17 0.0816
  2.82937E-17 0.0797  2.77368E-17 0.1014  3.99056E-17 0.1028  2.89067E-17 0.1011
  3.52785E-17 0.1425  3.15004E-17 0.0901  2.91186E-17 0.0785  2.93322E-17 0.0767
  3.10251E-17 0.1021  2.78861E-17 0.0995  2.44723E-17 0.1043  2.70672E-17 0.0952
  2.34104E-17 0.0759  2.56499E-17 0.0963  2.62192E-17 0.1011  2.55247E-17 0.0839
  2.32869E-17 0.1038  3.16427E-17 0.1895  2.53324E-17 0.1186  2.47939E-17 0.1014
  2.19963E-17 0.0930  7.19086E-15 0.0193
tfc    4       1       1       1       1       1       1       1     342
     500000  7.11637E-15  3.86301E-02  3.65671E+00
    1000000  7.09469E-15  2.73641E-02  3.69378E+00
    1500000  7.15576E-15  2.24695E-02  3.64593E+00
    2000000  7.19086E-15  1.92696E-02  3.71130E+00
