mcnp       6     07/01/14 08:27:43     4         2000000     24239299325
 simple nested dxtran test for air transport                                    
ntal     1
    1
tally    1                   -1    0    0
 1 0 0 0 0 0 0 0 0 0 0 0 0 0 0 0 0 0 0 0 0 0 0 0 0 0 0 0 0 0 0 0 0 0 0 0 0
f        1
      1
d        1
u        0
s        0
m        0
c        0
e        0
tt     342
  0.00000E+00  2.00000E+02  4.00000E+02  6.00000E+02  8.00000E+02  1.00000E+03
  1.20000E+03  1.40000E+03  1.60000E+03  1.80000E+03  2.00000E+03  2.20000E+03
  2.40000E+03  2.60000E+03  2.80000E+03  3.00000E+03  3.20000E+03  3.40000E+03
  3.60000E+03  3.80000E+03  4.00000E+03  4.20000E+03  4.40000E+03  4.60000E+03
  4.80000E+03  5.00000E+03  5.20000E+03  5.40000E+03  5.60000E+03  5.80000E+03
  6.00000E+03  6.20000E+03  6.40000E+03  6.60000E+03  6.80000E+03  7.00000E+03
  7.20000E+03  7.40000E+03  7.60000E+03  7.80000E+03  8.00000E+03  8.20000E+03
  8.40000E+03  8.60000E+03  8.80000E+03  9.00000E+03  9.20000E+03  9.40000E+03
  9.60000E+03  9.80000E+03  1.00000E+04  1.02000E+04  1.04000E+04  1.06000E+04
  1.08000E+04  1.10000E+04  1.12000E+04  1.14000E+04  1.16000E+04  1.18000E+04
  1.20000E+04  1.22000E+04  1.24000E+04  1.26000E+04  1.28000E+04  1.30000E+04
  1.32000E+04  1.34000E+04  1.36000E+04  1.38000E+04  1.40000E+04  1.42000E+04
  1.44000E+04  1.46000E+04  1.48000E+04  1.50000E+04  1.52000E+04  1.54000E+04
  1.56000E+04  1.58000E+04  1.60000E+04  1.62000E+04  1.64000E+04  1.66000E+04
  1.68000E+04  1.70000E+04  1.72000E+04  1.74000E+04  1.76000E+04  1.78000E+04
  1.80000E+04  1.82000E+04  1.84000E+04  1.86000E+04  1.88000E+04  1.90000E+04
  1.92000E+04  1.94000E+04  1.96000E+04  1.98000E+04  2.00000E+04  2.02000E+04
  2.04000E+04  2.06000E+04  2.08000E+04  2.10000E+04  2.12000E+04  2.14000E+04
  2.16000E+04  2.18000E+04  2.20000E+04  2.22000E+04  2.24000E+04  2.26000E+04
  2.28000E+04  2.30000E+04  2.32000E+04  2.34000E+04  2.36000E+04  2.38000E+04
  2.40000E+04  2.42000E+04  2.44000E+04  2.46000E+04  2.48000E+04  2.50000E+04
  2.52000E+04  2.54000E+04  2.56000E+04  2.58000E+04  2.60000E+04  2.62000E+04
  2.64000E+04  2.66000E+04  2.68000E+04  2.70000E+04  2.72000E+04  2.74000E+04
  2.76000E+04  2.78000E+04  2.80000E+04  2.82000E+04  2.84000E+04  2.86000E+04
  2.88000E+04  2.90000E+04  2.92000E+04  2.94000E+04  2.96000E+04  2.98000E+04
  3.00000E+04  3.02000E+04  3.04000E+04  3.06000E+04  3.08000E+04  3.10000E+04
  3.12000E+04  3.14000E+04  3.16000E+04  3.18000E+04  3.20000E+04  3.22000E+04
  3.24000E+04  3.26000E+04  3.28000E+04  3.30000E+04  3.32000E+04  3.34000E+04
  3.36000E+04  3.38000E+04  3.40000E+04  3.42000E+04  3.44000E+04  3.46000E+04
  3.48000E+04  3.50000E+04  3.52000E+04  3.54000E+04  3.56000E+04  3.58000E+04
  3.60000E+04  3.62000E+04  3.64000E+04  3.66000E+04  3.68000E+04  3.70000E+04
  3.72000E+04  3.74000E+04  3.76000E+04  3.78000E+04  3.80000E+04  3.82000E+04
  3.84000E+04  3.86000E+04  3.88000E+04  3.90000E+04  3.92000E+04  3.94000E+04
  3.96000E+04  3.98000E+04  4.00000E+04  4.02000E+04  4.04000E+04  4.06000E+04
  4.08000E+04  4.10000E+04  4.12000E+04  4.14000E+04  4.16000E+04  4.18000E+04
  4.20000E+04  4.22000E+04  4.24000E+04  4.26000E+04  4.28000E+04  4.30000E+04
  4.32000E+04  4.34000E+04  4.36000E+04  4.38000E+04  4.40000E+04  4.42000E+04
  4.44000E+04  4.46000E+04  4.48000E+04  4.50000E+04  4.52000E+04  4.54000E+04
  4.56000E+04  4.58000E+04  4.60000E+04  4.62000E+04  4.64000E+04  4.66000E+04
  4.68000E+04  4.70000E+04  4.72000E+04  4.74000E+04  4.76000E+04  4.78000E+04
  4.80000E+04  4.82000E+04  4.84000E+04  4.86000E+04  4.88000E+04  4.90000E+04
  4.92000E+04  4.94000E+04  4.96000E+04  4.98000E+04  5.00000E+04  5.02000E+04
  5.04000E+04  5.06000E+04  5.08000E+04  5.10000E+04  5.12000E+04  5.14000E+04
  5.16000E+04  5.18000E+04  5.20000E+04  5.22000E+04  5.24000E+04  5.26000E+04
  5.28000E+04  5.30000E+04  5.32000E+04  5.34000E+04  5.36000E+04  5.38000E+04
  5.40000E+04  5.42000E+04  5.44000E+04  5.46000E+04  5.48000E+04  5.50000E+04
  5.52000E+04  5.54000E+04  5.56000E+04  5.58000E+04  5.60000E+04  5.62000E+04
  5.64000E+04  5.66000E+04  5.68000E+04  5.70000E+04  5.72000E+04  5.74000E+04
  5.76000E+04  5.78000E+04  5.80000E+04  5.82000E+04  5.84000E+04  5.86000E+04
  5.88000E+04  5.90000E+04  5.92000E+04  5.94000E+04  5.96000E+04  5.98000E+04
  6.00000E+04  6.10000E+04  6.20000E+04  6.30000E+04  6.40000E+04  6.50000E+04
  6.60000E+04  6.70000E+04  6.80000E+04  6.90000E+04  7.00000E+04  7.10000E+04
  7.20000E+04  7.30000E+04  7.40000E+04  7.50000E+04  7.60000E+04  7.70000E+04
  7.80000E+04  7.90000E+04  8.00000E+04  8.10000E+04  8.20000E+04  8.30000E+04
  8.40000E+04  8.50000E+04  8.60000E+04  8.70000E+04  8.80000E+04  8.90000E+04
  9.00000E+04  9.10000E+04  9.20000E+04  9.30000E+04  9.40000E+04  9.50000E+04
  9.60000E+04  9.70000E+04  9.80000E+04  9.90000E+04  1.00000E+05
vals
  0.00000E+00 0.0000  0.00000E+00 0.0000  0.00000E+00 0.0000  0.00000E+00 0.0000
  0.00000E+00 0.0000  0.00000E+00 0.0000  0.00000E+00 0.0000  0.00000E+00 0.0000
  0.00000E+00 0.0000  0.00000E+00 0.0000  0.00000E+00 0.0000  0.00000E+00 0.0000
  0.00000E+00 0.0000  0.00000E+00 0.0000  0.00000E+00 0.0000  0.00000E+00 0.0000
  0.00000E+00 0.0000  0.00000E+00 0.0000  0.00000E+00 0.0000  0.00000E+00 0.0000
  0.00000E+00 0.0000  0.00000E+00 0.0000  0.00000E+00 0.0000  0.00000E+00 0.0000
  0.00000E+00 0.0000  4.19705E-20 1.0000  4.19616E-20 1.0000  8.05389E-19 0.5897
  1.12321E-18 0.6356  1.29327E-18 0.3148  2.14868E-18 0.3164  2.84372E-18 0.2475
  1.09315E-17 0.6823  4.70390E-18 0.2155  5.40553E-18 0.2030  8.81304E-18 0.1698
  1.59161E-17 0.2053  1.63855E-17 0.1490  1.38036E-17 0.2146  9.84802E-18 0.1288
  1.33936E-17 0.1759  9.57134E-18 0.1679  1.25815E-17 0.1676  1.33528E-17 0.1537
  1.35795E-17 0.1549  9.85164E-18 0.1102  1.21589E-17 0.1713  1.31962E-17 0.1518
  1.30147E-17 0.1228  1.31178E-17 0.1187  1.68272E-17 0.1373  1.40089E-17 0.0926
  1.65478E-17 0.1025  2.25051E-17 0.1110  2.06515E-17 0.1005  2.24906E-17 0.1098
  2.01088E-17 0.0889  3.31341E-17 0.1213  2.57574E-17 0.0902  3.23939E-17 0.1671
  2.32621E-17 0.1388  2.30054E-17 0.1030  3.47571E-17 0.2216  2.48651E-17 0.0961
  2.56904E-17 0.1493  2.64395E-17 0.1139  2.86072E-17 0.1401  2.28700E-17 0.0738
  2.40251E-17 0.0859  3.03459E-17 0.1052  3.38565E-17 0.1063  3.77126E-17 0.4197
  3.22675E-17 0.1796  2.45593E-17 0.1062  4.89059E-17 0.3580  2.69236E-17 0.0867
  3.74783E-17 0.1873  2.87426E-17 0.0872  2.30891E-17 0.0894  3.22416E-17 0.1031
  3.25465E-17 0.1289  2.90542E-17 0.1021  3.20524E-17 0.0992  3.05722E-17 0.0799
  2.83554E-17 0.0847  5.68761E-17 0.4000  3.80043E-17 0.1241  2.88977E-17 0.0897
  3.21249E-17 0.1325  2.89556E-17 0.1101  3.97690E-17 0.1549  3.72660E-17 0.1311
  3.13682E-17 0.1124  3.00599E-17 0.0807  4.28312E-17 0.1669  3.47299E-17 0.1951
  3.32441E-17 0.0787  3.42716E-17 0.1027  3.43298E-17 0.1124  4.03966E-17 0.2015
  3.24080E-17 0.0901  3.81239E-17 0.1379  3.22363E-17 0.1040  2.83461E-17 0.0844
  2.85032E-17 0.1132  3.22348E-17 0.1014  3.31851E-17 0.1064  3.85786E-17 0.1799
  2.83789E-17 0.0705  3.06189E-17 0.1411  2.96017E-17 0.0844  3.06450E-17 0.1002
  3.43812E-17 0.1293  3.08848E-17 0.0897  2.85598E-17 0.0976  2.90307E-17 0.1020
  3.25496E-17 0.1867  2.75138E-17 0.1032  2.59530E-17 0.0758  2.54796E-17 0.0748
  3.65530E-17 0.1612  3.89975E-17 0.1759  4.14476E-17 0.2004  2.76968E-17 0.1096
  2.61680E-17 0.0780  3.52443E-17 0.1273  2.87187E-17 0.1197  2.65407E-17 0.1896
  2.70118E-17 0.0769  3.62516E-17 0.1625  2.60079E-17 0.0843  6.19840E-17 0.4551
  3.72893E-17 0.2101  2.40677E-17 0.0786  2.82409E-17 0.1085  2.47971E-17 0.0917
  3.27532E-17 0.2440  2.94983E-17 0.1516  3.76892E-17 0.2487  3.25328E-17 0.2225
  2.65797E-17 0.1020  2.56300E-17 0.1163  2.67846E-17 0.1092  2.34169E-17 0.1067
  2.23159E-17 0.0977  2.03637E-17 0.1380  2.39586E-17 0.0952  2.22279E-17 0.1297
  2.19923E-17 0.0879  2.61869E-17 0.1481  2.45379E-17 0.1660  2.54352E-17 0.1414
  2.78111E-17 0.1058  2.06777E-17 0.1217  2.48871E-17 0.1467  2.97880E-17 0.2103
  2.58064E-17 0.1407  1.86756E-17 0.1074  2.42729E-17 0.1086  2.32531E-17 0.1349
  3.15048E-17 0.2505  2.61002E-17 0.1112  2.32429E-17 0.1229  1.88672E-17 0.1213
  1.95298E-17 0.1362  3.16484E-17 0.1429  1.96926E-17 0.0984  2.19011E-17 0.1456
  2.24391E-17 0.1363  2.12540E-17 0.1364  2.51385E-17 0.1424  1.98843E-17 0.1097
  2.55968E-17 0.1790  4.51039E-17 0.5536  2.12471E-17 0.1283  1.83532E-17 0.1250
  2.27696E-17 0.1244  2.08717E-17 0.2918  2.18466E-17 0.1297  2.50548E-17 0.1708
  2.11247E-17 0.1465  1.99439E-17 0.1031  1.51507E-17 0.1543  2.24408E-17 0.1197
  2.08691E-17 0.1241  1.77540E-17 0.1118  2.31009E-17 0.1806  2.00582E-17 0.1412
  2.25086E-17 0.1386  1.95902E-17 0.1681  1.71536E-17 0.1064  1.79749E-17 0.1094
  1.80351E-17 0.1402  2.00791E-17 0.1519  1.69703E-17 0.1165  1.79587E-17 0.1454
  2.68110E-17 0.2075  2.39973E-17 0.2961  2.19214E-17 0.1603  1.81280E-17 0.1347
  1.85806E-17 0.1392  1.99490E-17 0.1501  1.58676E-17 0.1081  1.73454E-17 0.0966
  1.78511E-17 0.1716  1.70884E-17 0.1379  2.19940E-17 0.1974  1.59448E-17 0.1159
  1.69250E-17 0.1124  1.43828E-17 0.1045  1.68110E-17 0.1155  1.57332E-17 0.1299
  2.18658E-17 0.1659  2.03688E-17 0.4732  1.45421E-17 0.1598  1.34364E-17 0.1262
  1.23880E-17 0.1177  1.41633E-17 0.1110  2.14527E-17 0.2407  2.15851E-17 0.2917
  1.71903E-17 0.1631  1.70060E-17 0.1626  1.63886E-17 0.1216  1.39850E-17 0.1217
  1.27716E-17 0.1345  1.42004E-17 0.1040  1.50581E-17 0.1737  1.38821E-17 0.1135
  1.40008E-17 0.1736  1.44029E-17 0.1141  1.54467E-17 0.1737  1.54055E-17 0.1459
  1.28988E-17 0.1216  1.11889E-17 0.2111  1.25653E-17 0.1538  2.18707E-17 0.2221
  1.33438E-17 0.1271  1.03407E-17 0.1368  1.12453E-17 0.2276  1.46388E-17 0.1059
  1.46916E-17 0.2286  1.60805E-17 0.1971  1.31565E-17 0.1556  1.36063E-17 0.1131
  1.04734E-17 0.1250  8.79486E-18 0.1544  1.30343E-17 0.1257  1.37112E-17 0.1697
  1.74462E-17 0.3554  1.21072E-17 0.1094  1.13295E-17 0.1148  1.07938E-17 0.1406
  9.50619E-18 0.1109  1.82194E-17 0.4310  1.03782E-17 0.1246  1.15137E-17 0.2026
  1.26976E-17 0.1550  1.35267E-17 0.1294  1.04639E-17 0.1283  9.56800E-18 0.1058
  1.86692E-17 0.3127  9.07242E-18 0.1534  1.58786E-17 0.2359  1.29070E-17 0.1490
  1.20895E-17 0.1306  1.27899E-17 0.2119  1.08776E-17 0.2394  9.42989E-18 0.1464
  1.75266E-17 0.3195  9.91638E-18 0.1275  9.46263E-18 0.1519  9.39844E-18 0.1311
  1.03022E-17 0.1640  1.09344E-17 0.1602  9.47725E-18 0.1294  1.24596E-17 0.1842
  1.00270E-17 0.1346  8.63932E-18 0.1532  8.83303E-18 0.1340  1.34235E-17 0.1430
  1.20245E-17 0.1514  1.34500E-17 0.2359  1.01042E-17 0.2640  8.82319E-18 0.1562
  9.65880E-18 0.1638  1.22375E-17 0.2020  1.15589E-17 0.2150  1.35244E-17 0.2500
  7.94217E-18 0.1280  1.15345E-17 0.1984  1.00861E-17 0.1776  9.91256E-18 0.2130
  9.31980E-18 0.1390  9.76100E-18 0.1976  8.48338E-18 0.1379  9.13302E-18 0.1480
  8.40190E-18 0.1403  9.82592E-18 0.1711  9.85613E-18 0.1473  8.07558E-18 0.1304
  6.06397E-18 0.1342  4.44732E-17 0.0718  4.76165E-17 0.1089  3.90548E-17 0.0742
  3.94100E-17 0.0920  4.32666E-17 0.0853  4.32963E-17 0.1293  3.94912E-17 0.1094
  3.93022E-17 0.0857  3.65554E-17 0.0780  3.61378E-17 0.0777  3.87442E-17 0.0979
  3.06453E-17 0.0682  3.70167E-17 0.0843  3.66877E-17 0.1089  4.15513E-17 0.1348
  3.59527E-17 0.1142  3.08038E-17 0.0795  3.16069E-17 0.0874  2.80593E-17 0.0861
  3.72703E-17 0.1275  3.18600E-17 0.0811  3.08582E-17 0.0825  2.58383E-17 0.0886
  3.05582E-17 0.1212  2.23707E-17 0.0805  2.75996E-17 0.1518  2.41100E-17 0.0929
  2.51228E-17 0.1262  2.83861E-17 0.0851  3.17522E-17 0.1298  2.70724E-17 0.0917
  2.42784E-17 0.0793  2.39200E-17 0.1309  2.26512E-17 0.0797  2.55810E-17 0.0913
  2.20135E-17 0.1338  2.41679E-17 0.1254  2.04349E-17 0.0948  2.79271E-17 0.1688
  2.27353E-17 0.1019  6.97790E-15 0.0202
tfc    4       1       1       1       1       1       1       1     342
     500000  7.24629E-15  4.15764E-02  3.23737E+00
    1000000  7.23614E-15  2.96919E-02  3.16283E+00
    1500000  7.08716E-15  2.35215E-02  3.36750E+00
    2000000  6.97790E-15  2.02305E-02  3.42594E+00
