mcnp       6     06/27/14 09:47:05     4         2000000     24511537289
 simple nested dxtran test for air transport                                    
ntal     1
    1
tally    1                   -1    0    0
 1 0 0 0 0 0 0 0 0 0 0 0 0 0 0 0 0 0 0 0 0 0 0 0 0 0 0 0 0 0 0 0 0 0 0 0 0
f        1
      1
d        1
u        0
s        0
m        0
c        0
e        0
tt     342
  0.00000E+00  2.00000E+02  4.00000E+02  6.00000E+02  8.00000E+02  1.00000E+03
  1.20000E+03  1.40000E+03  1.60000E+03  1.80000E+03  2.00000E+03  2.20000E+03
  2.40000E+03  2.60000E+03  2.80000E+03  3.00000E+03  3.20000E+03  3.40000E+03
  3.60000E+03  3.80000E+03  4.00000E+03  4.20000E+03  4.40000E+03  4.60000E+03
  4.80000E+03  5.00000E+03  5.20000E+03  5.40000E+03  5.60000E+03  5.80000E+03
  6.00000E+03  6.20000E+03  6.40000E+03  6.60000E+03  6.80000E+03  7.00000E+03
  7.20000E+03  7.40000E+03  7.60000E+03  7.80000E+03  8.00000E+03  8.20000E+03
  8.40000E+03  8.60000E+03  8.80000E+03  9.00000E+03  9.20000E+03  9.40000E+03
  9.60000E+03  9.80000E+03  1.00000E+04  1.02000E+04  1.04000E+04  1.06000E+04
  1.08000E+04  1.10000E+04  1.12000E+04  1.14000E+04  1.16000E+04  1.18000E+04
  1.20000E+04  1.22000E+04  1.24000E+04  1.26000E+04  1.28000E+04  1.30000E+04
  1.32000E+04  1.34000E+04  1.36000E+04  1.38000E+04  1.40000E+04  1.42000E+04
  1.44000E+04  1.46000E+04  1.48000E+04  1.50000E+04  1.52000E+04  1.54000E+04
  1.56000E+04  1.58000E+04  1.60000E+04  1.62000E+04  1.64000E+04  1.66000E+04
  1.68000E+04  1.70000E+04  1.72000E+04  1.74000E+04  1.76000E+04  1.78000E+04
  1.80000E+04  1.82000E+04  1.84000E+04  1.86000E+04  1.88000E+04  1.90000E+04
  1.92000E+04  1.94000E+04  1.96000E+04  1.98000E+04  2.00000E+04  2.02000E+04
  2.04000E+04  2.06000E+04  2.08000E+04  2.10000E+04  2.12000E+04  2.14000E+04
  2.16000E+04  2.18000E+04  2.20000E+04  2.22000E+04  2.24000E+04  2.26000E+04
  2.28000E+04  2.30000E+04  2.32000E+04  2.34000E+04  2.36000E+04  2.38000E+04
  2.40000E+04  2.42000E+04  2.44000E+04  2.46000E+04  2.48000E+04  2.50000E+04
  2.52000E+04  2.54000E+04  2.56000E+04  2.58000E+04  2.60000E+04  2.62000E+04
  2.64000E+04  2.66000E+04  2.68000E+04  2.70000E+04  2.72000E+04  2.74000E+04
  2.76000E+04  2.78000E+04  2.80000E+04  2.82000E+04  2.84000E+04  2.86000E+04
  2.88000E+04  2.90000E+04  2.92000E+04  2.94000E+04  2.96000E+04  2.98000E+04
  3.00000E+04  3.02000E+04  3.04000E+04  3.06000E+04  3.08000E+04  3.10000E+04
  3.12000E+04  3.14000E+04  3.16000E+04  3.18000E+04  3.20000E+04  3.22000E+04
  3.24000E+04  3.26000E+04  3.28000E+04  3.30000E+04  3.32000E+04  3.34000E+04
  3.36000E+04  3.38000E+04  3.40000E+04  3.42000E+04  3.44000E+04  3.46000E+04
  3.48000E+04  3.50000E+04  3.52000E+04  3.54000E+04  3.56000E+04  3.58000E+04
  3.60000E+04  3.62000E+04  3.64000E+04  3.66000E+04  3.68000E+04  3.70000E+04
  3.72000E+04  3.74000E+04  3.76000E+04  3.78000E+04  3.80000E+04  3.82000E+04
  3.84000E+04  3.86000E+04  3.88000E+04  3.90000E+04  3.92000E+04  3.94000E+04
  3.96000E+04  3.98000E+04  4.00000E+04  4.02000E+04  4.04000E+04  4.06000E+04
  4.08000E+04  4.10000E+04  4.12000E+04  4.14000E+04  4.16000E+04  4.18000E+04
  4.20000E+04  4.22000E+04  4.24000E+04  4.26000E+04  4.28000E+04  4.30000E+04
  4.32000E+04  4.34000E+04  4.36000E+04  4.38000E+04  4.40000E+04  4.42000E+04
  4.44000E+04  4.46000E+04  4.48000E+04  4.50000E+04  4.52000E+04  4.54000E+04
  4.56000E+04  4.58000E+04  4.60000E+04  4.62000E+04  4.64000E+04  4.66000E+04
  4.68000E+04  4.70000E+04  4.72000E+04  4.74000E+04  4.76000E+04  4.78000E+04
  4.80000E+04  4.82000E+04  4.84000E+04  4.86000E+04  4.88000E+04  4.90000E+04
  4.92000E+04  4.94000E+04  4.96000E+04  4.98000E+04  5.00000E+04  5.02000E+04
  5.04000E+04  5.06000E+04  5.08000E+04  5.10000E+04  5.12000E+04  5.14000E+04
  5.16000E+04  5.18000E+04  5.20000E+04  5.22000E+04  5.24000E+04  5.26000E+04
  5.28000E+04  5.30000E+04  5.32000E+04  5.34000E+04  5.36000E+04  5.38000E+04
  5.40000E+04  5.42000E+04  5.44000E+04  5.46000E+04  5.48000E+04  5.50000E+04
  5.52000E+04  5.54000E+04  5.56000E+04  5.58000E+04  5.60000E+04  5.62000E+04
  5.64000E+04  5.66000E+04  5.68000E+04  5.70000E+04  5.72000E+04  5.74000E+04
  5.76000E+04  5.78000E+04  5.80000E+04  5.82000E+04  5.84000E+04  5.86000E+04
  5.88000E+04  5.90000E+04  5.92000E+04  5.94000E+04  5.96000E+04  5.98000E+04
  6.00000E+04  6.10000E+04  6.20000E+04  6.30000E+04  6.40000E+04  6.50000E+04
  6.60000E+04  6.70000E+04  6.80000E+04  6.90000E+04  7.00000E+04  7.10000E+04
  7.20000E+04  7.30000E+04  7.40000E+04  7.50000E+04  7.60000E+04  7.70000E+04
  7.80000E+04  7.90000E+04  8.00000E+04  8.10000E+04  8.20000E+04  8.30000E+04
  8.40000E+04  8.50000E+04  8.60000E+04  8.70000E+04  8.80000E+04  8.90000E+04
  9.00000E+04  9.10000E+04  9.20000E+04  9.30000E+04  9.40000E+04  9.50000E+04
  9.60000E+04  9.70000E+04  9.80000E+04  9.90000E+04  1.00000E+05
vals
  0.00000E+00 0.0000  0.00000E+00 0.0000  0.00000E+00 0.0000  0.00000E+00 0.0000
  0.00000E+00 0.0000  0.00000E+00 0.0000  0.00000E+00 0.0000  0.00000E+00 0.0000
  0.00000E+00 0.0000  0.00000E+00 0.0000  0.00000E+00 0.0000  0.00000E+00 0.0000
  0.00000E+00 0.0000  0.00000E+00 0.0000  0.00000E+00 0.0000  0.00000E+00 0.0000
  0.00000E+00 0.0000  0.00000E+00 0.0000  0.00000E+00 0.0000  0.00000E+00 0.0000
  0.00000E+00 0.0000  0.00000E+00 0.0000  0.00000E+00 0.0000  0.00000E+00 0.0000
  1.49105E-19 1.0000  0.00000E+00 0.0000  7.12898E-19 0.8297  3.19293E-19 0.6243
  1.00141E-18 0.3371  9.68537E-19 0.3527  2.82201E-18 0.2676  3.65435E-18 0.2549
  6.14582E-18 0.4141  6.85372E-18 0.2930  7.00959E-18 0.2655  8.23067E-18 0.1630
  9.62897E-18 0.1293  1.20689E-17 0.1537  9.54207E-18 0.1587  1.17096E-17 0.1426
  1.80521E-17 0.2786  1.15764E-17 0.1290  8.80283E-18 0.1062  1.47530E-17 0.2674
  9.64021E-18 0.1070  1.09466E-17 0.1194  1.24141E-17 0.1192  1.09546E-17 0.1211
  1.20296E-17 0.1817  1.43871E-17 0.0949  1.24741E-17 0.0864  1.85675E-17 0.1217
  1.66539E-17 0.1576  1.66571E-17 0.0779  2.79008E-17 0.1840  2.21108E-17 0.1539
  2.17570E-17 0.1649  2.23912E-17 0.1115  1.98787E-17 0.0723  2.32185E-17 0.0757
  2.57832E-17 0.1311  2.17472E-17 0.0789  2.53321E-17 0.0940  2.19958E-17 0.0756
  2.51047E-17 0.0923  2.88157E-17 0.1342  2.31240E-17 0.0782  2.45890E-17 0.1033
  2.58542E-17 0.0912  4.60532E-17 0.3223  2.80785E-17 0.1101  2.42586E-17 0.0820
  2.74766E-17 0.0796  3.33957E-17 0.1195  2.99650E-17 0.0868  2.53400E-17 0.0792
  3.43695E-17 0.1890  3.08153E-17 0.1028  3.95968E-17 0.1956  3.51589E-17 0.1385
  3.25761E-17 0.0880  4.37112E-17 0.2482  2.62550E-17 0.0836  2.82424E-17 0.0850
  3.00982E-17 0.0875  3.52518E-17 0.1283  3.06492E-17 0.0966  3.77538E-17 0.1465
  3.07646E-17 0.0946  3.75682E-17 0.1475  3.31388E-17 0.1089  4.61004E-17 0.4184
  3.23354E-17 0.0892  3.31505E-17 0.0799  3.15001E-17 0.0928  3.07486E-17 0.0813
  2.76284E-17 0.0833  3.54889E-17 0.1136  3.15489E-17 0.0927  4.08946E-17 0.1105
  3.43313E-17 0.0796  3.56839E-17 0.1208  3.72843E-17 0.1019  8.30705E-17 0.5684
  2.80070E-17 0.0764  3.55612E-17 0.1247  3.46699E-17 0.1056  4.67344E-17 0.2664
  3.93287E-17 0.1263  2.65780E-17 0.0727  2.70790E-17 0.0702  3.24849E-17 0.0908
  3.06802E-17 0.0912  3.29747E-17 0.1212  3.18212E-17 0.0968  2.62857E-17 0.1099
  3.77934E-17 0.1494  3.36914E-17 0.1360  3.52505E-17 0.2124  3.28211E-17 0.1901
  2.62114E-17 0.1033  3.08698E-17 0.1047  3.38734E-17 0.1798  3.37118E-17 0.1337
  3.51595E-17 0.1985  2.91129E-17 0.0900  3.35826E-17 0.1178  2.74896E-17 0.1441
  2.87758E-17 0.0984  3.43863E-17 0.1199  2.59605E-17 0.0968  2.60201E-17 0.0857
  2.91367E-17 0.0960  2.41461E-17 0.1115  2.78742E-17 0.1146  2.79949E-17 0.1140
  4.00340E-17 0.3270  2.42231E-17 0.1101  3.30549E-17 0.1539  2.88589E-17 0.1279
  3.40465E-17 0.1499  3.16678E-17 0.1666  2.64916E-17 0.0910  2.45841E-17 0.1066
  3.40071E-17 0.1920  2.51705E-17 0.1002  2.83880E-17 0.1348  3.16156E-17 0.1219
  2.87062E-17 0.1686  2.45086E-17 0.1200  2.83075E-17 0.1783  2.53710E-17 0.1086
  2.88645E-17 0.0923  2.68484E-17 0.1182  3.18648E-17 0.1422  2.15752E-17 0.1027
  2.51750E-17 0.1157  2.41939E-17 0.1142  2.16457E-17 0.0885  1.93609E-17 0.0965
  2.79379E-17 0.1045  2.31227E-17 0.1278  2.42808E-17 0.1351  2.20335E-17 0.1019
  4.89357E-17 0.3636  2.56904E-17 0.1549  2.18235E-17 0.1293  1.98224E-17 0.0873
  3.83133E-17 0.3703  2.34756E-17 0.1124  2.61284E-17 0.1673  1.92601E-17 0.0942
  1.94453E-17 0.1020  2.39804E-17 0.1678  2.33431E-17 0.1366  2.04850E-17 0.1118
  1.99068E-17 0.1147  2.17369E-17 0.1510  2.21346E-17 0.1452  2.14060E-17 0.1160
  1.77936E-17 0.1069  1.73654E-17 0.1217  2.33908E-17 0.1595  1.77519E-17 0.1193
  1.98610E-17 0.1007  1.81230E-17 0.1130  1.94156E-17 0.1552  2.01367E-17 0.1023
  1.66940E-17 0.1037  2.32419E-17 0.1227  2.38451E-17 0.1282  1.93860E-17 0.1320
  1.93084E-17 0.1511  1.56137E-17 0.0903  1.82282E-17 0.1348  1.96464E-17 0.2242
  1.72127E-17 0.1288  2.09176E-17 0.1572  2.16466E-17 0.3657  1.47621E-17 0.1298
  1.75547E-17 0.1065  1.50318E-17 0.1179  2.03293E-17 0.1149  2.12405E-17 0.2098
  1.50236E-17 0.1096  1.81610E-17 0.1240  1.84105E-17 0.1533  1.79231E-17 0.1156
  1.82773E-17 0.1798  1.61754E-17 0.1483  2.35924E-17 0.1316  1.39970E-17 0.1333
  2.23172E-17 0.1700  1.71339E-17 0.1365  1.67580E-17 0.1261  1.50116E-17 0.1107
  2.06271E-17 0.1653  1.31398E-17 0.1188  1.75935E-17 0.1233  1.41463E-17 0.1836
  1.49611E-17 0.1090  1.47335E-17 0.1147  1.59558E-17 0.1626  1.83719E-17 0.1707
  1.51928E-17 0.1652  1.48639E-17 0.1307  2.00768E-17 0.1754  1.31170E-17 0.1090
  1.37827E-17 0.1091  1.45239E-17 0.1637  1.23856E-17 0.1762  1.35481E-17 0.1310
  1.24648E-17 0.1194  1.59521E-17 0.2240  1.72208E-17 0.1549  1.46941E-17 0.1440
  1.63749E-17 0.1307  1.34465E-17 0.1308  1.40772E-17 0.1548  1.64129E-17 0.1275
  1.33127E-17 0.1176  9.64219E-18 0.1152  1.20291E-17 0.1888  1.68724E-17 0.2414
  1.21065E-17 0.1925  1.37651E-17 0.1324  1.18566E-17 0.1345  1.64169E-17 0.1332
  1.53632E-17 0.1688  1.55610E-17 0.1882  9.25948E-18 0.1301  1.12850E-17 0.1254
  1.10967E-17 0.1164  1.11686E-17 0.1418  1.37306E-17 0.2135  1.17875E-17 0.1572
  9.04454E-18 0.1429  1.11505E-17 0.1482  1.28694E-17 0.1372  1.03033E-17 0.1715
  1.30946E-17 0.1465  1.07308E-17 0.1233  1.16582E-17 0.1286  1.39207E-17 0.1208
  1.25526E-17 0.1990  9.66646E-18 0.1014  1.33545E-17 0.1493  9.50529E-18 0.1178
  1.10118E-17 0.1775  1.24383E-17 0.1265  1.00920E-17 0.1160  9.90248E-18 0.1209
  1.98724E-17 0.3392  1.25263E-17 0.1447  8.90145E-18 0.1059  1.14921E-17 0.1347
  8.74030E-18 0.1170  1.25243E-17 0.1535  9.49273E-18 0.1175  1.23918E-17 0.1479
  9.64841E-18 0.1708  9.83282E-18 0.1486  8.91151E-18 0.1328  1.09059E-17 0.1406
  9.35783E-18 0.1164  7.43766E-18 0.1289  1.01264E-17 0.1400  9.39785E-18 0.2026
  1.56088E-17 0.1800  9.37171E-18 0.1955  1.44928E-17 0.3924  1.41867E-17 0.2357
  9.54865E-18 0.1234  9.33457E-18 0.1800  1.14251E-17 0.1643  1.07647E-17 0.2033
  1.31178E-17 0.1851  1.05494E-17 0.2218  9.18223E-18 0.1736  1.25289E-17 0.1433
  1.33922E-17 0.1820  5.28152E-17 0.0874  4.13651E-17 0.0648  5.18889E-17 0.1136
  4.27549E-17 0.0718  3.96351E-17 0.0796  4.45112E-17 0.0815  4.42485E-17 0.1246
  4.15215E-17 0.0753  3.49205E-17 0.0710  3.90908E-17 0.0993  4.16311E-17 0.1360
  3.53267E-17 0.1027  3.48922E-17 0.0634  3.21522E-17 0.0678  3.75323E-17 0.1194
  3.04368E-17 0.0738  3.22748E-17 0.0930  3.27363E-17 0.0899  3.21655E-17 0.0769
  2.46617E-17 0.0918  3.32230E-17 0.1326  3.38656E-17 0.0902  2.85475E-17 0.1083
  2.81435E-17 0.0809  3.19719E-17 0.1233  2.57435E-17 0.1538  2.63170E-17 0.0896
  3.12736E-17 0.0981  2.71208E-17 0.0879  2.83099E-17 0.1522  2.20882E-17 0.0976
  2.53896E-17 0.1019  2.89168E-17 0.1006  2.15083E-17 0.0838  2.28230E-17 0.0815
  2.67140E-17 0.0974  2.23799E-17 0.1002  2.64509E-17 0.1153  3.64435E-17 0.3438
  2.43757E-17 0.0913  7.08523E-15 0.0208
tfc    4       1       1       1       1       1       1       1     342
     500000  6.97488E-15  3.64904E-02  4.20730E+00
    1000000  7.12546E-15  2.64284E-02  3.99512E+00
    1500000  7.10528E-15  2.48688E-02  3.01814E+00
    2000000  7.08523E-15  2.08268E-02  3.20920E+00
