mcnp       6     06/30/14 08:36:58     4         2000000     24350190417
 simple nested dxtran test for air transport                                    
ntal     1
    1
tally    1                   -1    0    0
 1 0 0 0 0 0 0 0 0 0 0 0 0 0 0 0 0 0 0 0 0 0 0 0 0 0 0 0 0 0 0 0 0 0 0 0 0
f        1
      1
d        1
u        0
s        0
m        0
c        0
e        0
tt     342
  0.00000E+00  2.00000E+02  4.00000E+02  6.00000E+02  8.00000E+02  1.00000E+03
  1.20000E+03  1.40000E+03  1.60000E+03  1.80000E+03  2.00000E+03  2.20000E+03
  2.40000E+03  2.60000E+03  2.80000E+03  3.00000E+03  3.20000E+03  3.40000E+03
  3.60000E+03  3.80000E+03  4.00000E+03  4.20000E+03  4.40000E+03  4.60000E+03
  4.80000E+03  5.00000E+03  5.20000E+03  5.40000E+03  5.60000E+03  5.80000E+03
  6.00000E+03  6.20000E+03  6.40000E+03  6.60000E+03  6.80000E+03  7.00000E+03
  7.20000E+03  7.40000E+03  7.60000E+03  7.80000E+03  8.00000E+03  8.20000E+03
  8.40000E+03  8.60000E+03  8.80000E+03  9.00000E+03  9.20000E+03  9.40000E+03
  9.60000E+03  9.80000E+03  1.00000E+04  1.02000E+04  1.04000E+04  1.06000E+04
  1.08000E+04  1.10000E+04  1.12000E+04  1.14000E+04  1.16000E+04  1.18000E+04
  1.20000E+04  1.22000E+04  1.24000E+04  1.26000E+04  1.28000E+04  1.30000E+04
  1.32000E+04  1.34000E+04  1.36000E+04  1.38000E+04  1.40000E+04  1.42000E+04
  1.44000E+04  1.46000E+04  1.48000E+04  1.50000E+04  1.52000E+04  1.54000E+04
  1.56000E+04  1.58000E+04  1.60000E+04  1.62000E+04  1.64000E+04  1.66000E+04
  1.68000E+04  1.70000E+04  1.72000E+04  1.74000E+04  1.76000E+04  1.78000E+04
  1.80000E+04  1.82000E+04  1.84000E+04  1.86000E+04  1.88000E+04  1.90000E+04
  1.92000E+04  1.94000E+04  1.96000E+04  1.98000E+04  2.00000E+04  2.02000E+04
  2.04000E+04  2.06000E+04  2.08000E+04  2.10000E+04  2.12000E+04  2.14000E+04
  2.16000E+04  2.18000E+04  2.20000E+04  2.22000E+04  2.24000E+04  2.26000E+04
  2.28000E+04  2.30000E+04  2.32000E+04  2.34000E+04  2.36000E+04  2.38000E+04
  2.40000E+04  2.42000E+04  2.44000E+04  2.46000E+04  2.48000E+04  2.50000E+04
  2.52000E+04  2.54000E+04  2.56000E+04  2.58000E+04  2.60000E+04  2.62000E+04
  2.64000E+04  2.66000E+04  2.68000E+04  2.70000E+04  2.72000E+04  2.74000E+04
  2.76000E+04  2.78000E+04  2.80000E+04  2.82000E+04  2.84000E+04  2.86000E+04
  2.88000E+04  2.90000E+04  2.92000E+04  2.94000E+04  2.96000E+04  2.98000E+04
  3.00000E+04  3.02000E+04  3.04000E+04  3.06000E+04  3.08000E+04  3.10000E+04
  3.12000E+04  3.14000E+04  3.16000E+04  3.18000E+04  3.20000E+04  3.22000E+04
  3.24000E+04  3.26000E+04  3.28000E+04  3.30000E+04  3.32000E+04  3.34000E+04
  3.36000E+04  3.38000E+04  3.40000E+04  3.42000E+04  3.44000E+04  3.46000E+04
  3.48000E+04  3.50000E+04  3.52000E+04  3.54000E+04  3.56000E+04  3.58000E+04
  3.60000E+04  3.62000E+04  3.64000E+04  3.66000E+04  3.68000E+04  3.70000E+04
  3.72000E+04  3.74000E+04  3.76000E+04  3.78000E+04  3.80000E+04  3.82000E+04
  3.84000E+04  3.86000E+04  3.88000E+04  3.90000E+04  3.92000E+04  3.94000E+04
  3.96000E+04  3.98000E+04  4.00000E+04  4.02000E+04  4.04000E+04  4.06000E+04
  4.08000E+04  4.10000E+04  4.12000E+04  4.14000E+04  4.16000E+04  4.18000E+04
  4.20000E+04  4.22000E+04  4.24000E+04  4.26000E+04  4.28000E+04  4.30000E+04
  4.32000E+04  4.34000E+04  4.36000E+04  4.38000E+04  4.40000E+04  4.42000E+04
  4.44000E+04  4.46000E+04  4.48000E+04  4.50000E+04  4.52000E+04  4.54000E+04
  4.56000E+04  4.58000E+04  4.60000E+04  4.62000E+04  4.64000E+04  4.66000E+04
  4.68000E+04  4.70000E+04  4.72000E+04  4.74000E+04  4.76000E+04  4.78000E+04
  4.80000E+04  4.82000E+04  4.84000E+04  4.86000E+04  4.88000E+04  4.90000E+04
  4.92000E+04  4.94000E+04  4.96000E+04  4.98000E+04  5.00000E+04  5.02000E+04
  5.04000E+04  5.06000E+04  5.08000E+04  5.10000E+04  5.12000E+04  5.14000E+04
  5.16000E+04  5.18000E+04  5.20000E+04  5.22000E+04  5.24000E+04  5.26000E+04
  5.28000E+04  5.30000E+04  5.32000E+04  5.34000E+04  5.36000E+04  5.38000E+04
  5.40000E+04  5.42000E+04  5.44000E+04  5.46000E+04  5.48000E+04  5.50000E+04
  5.52000E+04  5.54000E+04  5.56000E+04  5.58000E+04  5.60000E+04  5.62000E+04
  5.64000E+04  5.66000E+04  5.68000E+04  5.70000E+04  5.72000E+04  5.74000E+04
  5.76000E+04  5.78000E+04  5.80000E+04  5.82000E+04  5.84000E+04  5.86000E+04
  5.88000E+04  5.90000E+04  5.92000E+04  5.94000E+04  5.96000E+04  5.98000E+04
  6.00000E+04  6.10000E+04  6.20000E+04  6.30000E+04  6.40000E+04  6.50000E+04
  6.60000E+04  6.70000E+04  6.80000E+04  6.90000E+04  7.00000E+04  7.10000E+04
  7.20000E+04  7.30000E+04  7.40000E+04  7.50000E+04  7.60000E+04  7.70000E+04
  7.80000E+04  7.90000E+04  8.00000E+04  8.10000E+04  8.20000E+04  8.30000E+04
  8.40000E+04  8.50000E+04  8.60000E+04  8.70000E+04  8.80000E+04  8.90000E+04
  9.00000E+04  9.10000E+04  9.20000E+04  9.30000E+04  9.40000E+04  9.50000E+04
  9.60000E+04  9.70000E+04  9.80000E+04  9.90000E+04  1.00000E+05
vals
  0.00000E+00 0.0000  0.00000E+00 0.0000  0.00000E+00 0.0000  0.00000E+00 0.0000
  0.00000E+00 0.0000  0.00000E+00 0.0000  0.00000E+00 0.0000  0.00000E+00 0.0000
  0.00000E+00 0.0000  0.00000E+00 0.0000  0.00000E+00 0.0000  0.00000E+00 0.0000
  0.00000E+00 0.0000  0.00000E+00 0.0000  0.00000E+00 0.0000  0.00000E+00 0.0000
  0.00000E+00 0.0000  0.00000E+00 0.0000  0.00000E+00 0.0000  0.00000E+00 0.0000
  0.00000E+00 0.0000  4.19644E-20 1.0000  0.00000E+00 0.0000  4.19657E-20 1.0000
  1.25565E-19 1.0000  2.96647E-19 1.0000  3.90840E-19 0.4706  1.70809E-18 0.6441
  8.07758E-19 0.3688  7.77930E-19 0.3494  3.57712E-18 0.3056  7.80125E-18 0.4433
  3.93003E-18 0.1782  4.83780E-18 0.2904  9.43835E-18 0.1772  1.05975E-17 0.1704
  1.43143E-17 0.1689  1.60947E-17 0.1991  1.38508E-17 0.1604  1.29908E-17 0.1269
  1.72864E-17 0.1808  1.58901E-17 0.3121  1.04095E-17 0.1089  9.97986E-18 0.1456
  1.16958E-17 0.1417  1.37474E-17 0.1381  1.72368E-17 0.3092  1.00313E-17 0.1147
  1.32203E-17 0.1236  1.39249E-17 0.1276  1.54125E-17 0.1018  1.97533E-17 0.1620
  2.02969E-17 0.1148  1.83125E-17 0.0945  2.70472E-17 0.1687  2.05844E-17 0.0890
  3.21475E-17 0.2149  2.05088E-17 0.0937  2.67250E-17 0.1654  2.93051E-17 0.1857
  2.30984E-17 0.0772  2.34470E-17 0.0883  3.88667E-17 0.3280  3.73394E-17 0.1857
  2.88790E-17 0.1086  3.10057E-17 0.3058  2.84803E-17 0.1060  2.42872E-17 0.0899
  4.54642E-17 0.3557  3.97828E-17 0.1843  4.61298E-17 0.4088  4.19050E-17 0.3370
  2.97293E-17 0.1438  2.90274E-17 0.1032  2.92101E-17 0.1204  3.21908E-17 0.1194
  2.85853E-17 0.1267  3.06395E-17 0.0755  3.44637E-17 0.1059  3.77746E-17 0.0927
  2.97646E-17 0.0858  3.14854E-17 0.0890  3.04923E-17 0.1276  3.56189E-17 0.1001
  2.92652E-17 0.0941  2.96997E-17 0.0879  3.39752E-17 0.1239  2.87019E-17 0.0718
  2.99650E-17 0.0812  3.30736E-17 0.1427  2.92626E-17 0.1026  2.86718E-17 0.1026
  2.85576E-17 0.0739  3.01243E-17 0.0799  2.63776E-17 0.0787  2.99433E-17 0.0818
  3.32883E-17 0.0931  2.68347E-17 0.0929  3.02912E-17 0.0882  3.38274E-17 0.0965
  3.34865E-17 0.0875  4.81532E-17 0.2536  3.03639E-17 0.0719  2.95413E-17 0.0896
  3.32754E-17 0.1439  3.75490E-17 0.2559  3.70042E-17 0.1079  3.41799E-17 0.1228
  4.07885E-17 0.1694  3.38319E-17 0.0919  2.62888E-17 0.0690  2.90438E-17 0.1025
  3.03212E-17 0.0793  3.79098E-17 0.1254  2.88764E-17 0.1122  2.71540E-17 0.0841
  9.08831E-17 0.4789  3.59618E-17 0.1331  3.72505E-17 0.1444  2.96384E-17 0.0879
  3.42324E-17 0.1538  3.45607E-17 0.1718  3.69604E-17 0.1483  5.06529E-17 0.3104
  3.10975E-17 0.0962  2.51952E-17 0.0951  3.23045E-17 0.1099  4.58899E-17 0.2926
  3.07641E-17 0.1223  3.10890E-17 0.2487  2.66530E-17 0.1079  2.58836E-17 0.0975
  2.39675E-17 0.0993  2.99968E-17 0.0992  2.76992E-17 0.1172  3.51699E-17 0.1255
  2.66824E-17 0.1384  2.89152E-17 0.1272  3.25147E-17 0.1539  3.00097E-17 0.1386
  2.54594E-17 0.1168  3.40491E-17 0.2197  2.64234E-17 0.1208  3.19047E-17 0.1495
  2.78386E-17 0.0979  2.76152E-17 0.1086  2.85555E-17 0.1526  3.67323E-17 0.1414
  2.40576E-17 0.1087  2.64389E-17 0.1012  4.53793E-17 0.4842  2.80685E-17 0.1335
  2.29706E-17 0.0914  2.44112E-17 0.1111  2.64490E-17 0.1324  2.76820E-17 0.1673
  2.07849E-17 0.0887  2.58687E-17 0.1222  2.45794E-17 0.1602  2.25446E-17 0.1119
  2.28310E-17 0.1223  2.93667E-17 0.1458  2.42861E-17 0.1260  2.37885E-17 0.1125
  1.89488E-17 0.0919  2.34630E-17 0.1099  2.47756E-17 0.1204  2.20629E-17 0.1134
  2.14417E-17 0.0992  2.01646E-17 0.0936  2.27581E-17 0.1237  2.22173E-17 0.1240
  2.11862E-17 0.1335  2.57654E-17 0.1321  1.89193E-17 0.1084  2.25115E-17 0.0996
  1.73204E-17 0.1100  2.03112E-17 0.0997  1.66973E-17 0.1053  1.63938E-17 0.1120
  3.49050E-17 0.4950  3.06559E-17 0.1799  1.70566E-17 0.0991  2.06893E-17 0.1876
  1.80424E-17 0.1121  4.84014E-17 0.5891  2.28032E-17 0.1210  1.93236E-17 0.1253
  2.80594E-17 0.2713  1.71704E-17 0.1150  2.76589E-17 0.1550  2.31021E-17 0.2243
  1.65175E-17 0.1081  2.19240E-17 0.1678  1.82376E-17 0.1418  2.21186E-17 0.2330
  1.62133E-17 0.1289  2.53602E-17 0.3266  2.14865E-17 0.2195  2.20229E-17 0.2030
  2.41626E-17 0.2191  1.66783E-17 0.1105  1.76820E-17 0.1289  1.74343E-17 0.1099
  1.86293E-17 0.1791  1.89722E-17 0.2294  1.50704E-17 0.1175  1.54909E-17 0.2457
  1.37485E-17 0.1108  1.93443E-17 0.2037  1.55926E-17 0.1351  2.30436E-17 0.2430
  1.46103E-17 0.1071  1.75108E-17 0.1074  1.55599E-17 0.1484  1.35106E-17 0.1037
  1.33014E-17 0.2289  2.00513E-17 0.2150  1.81191E-17 0.1470  1.41304E-17 0.1321
  1.91702E-17 0.2230  1.41067E-17 0.1279  1.34755E-17 0.1198  1.25915E-17 0.1033
  1.49724E-17 0.1283  1.38688E-17 0.1540  1.11169E-17 0.1085  1.61612E-17 0.1426
  1.62764E-17 0.1611  1.36903E-17 0.1522  1.67365E-17 0.1344  1.90775E-17 0.2309
  1.57085E-17 0.1705  1.54761E-17 0.1372  1.57040E-17 0.1512  1.11268E-17 0.1100
  1.71322E-17 0.2160  1.25920E-17 0.1281  1.19342E-17 0.1441  1.32326E-17 0.1301
  1.27986E-17 0.1645  1.06141E-17 0.1290  1.21374E-17 0.1136  1.13567E-17 0.1510
  1.25196E-17 0.1515  2.00002E-17 0.2570  1.20703E-17 0.1117  1.57443E-17 0.2695
  1.39311E-17 0.1564  1.39127E-17 0.2138  1.07067E-17 0.1204  1.25972E-17 0.1414
  1.31574E-17 0.1316  1.06902E-17 0.1386  1.70848E-17 0.2613  1.18495E-17 0.1543
  9.24068E-18 0.1314  1.51163E-17 0.1381  1.99836E-17 0.2537  1.44996E-17 0.2234
  1.09102E-17 0.1164  1.74274E-17 0.1565  1.24127E-17 0.1437  1.38988E-17 0.1466
  2.09429E-17 0.2149  1.07480E-17 0.1616  1.18820E-17 0.1176  1.08154E-17 0.1358
  1.01761E-17 0.1308  9.20108E-18 0.1364  9.35833E-18 0.1089  1.35134E-17 0.1417
  1.14517E-17 0.1637  9.18885E-18 0.1593  1.29359E-17 0.1518  1.03765E-17 0.1099
  9.90639E-18 0.1196  1.15328E-17 0.1448  1.08492E-17 0.1714  1.24221E-17 0.1611
  9.15805E-18 0.1315  1.52260E-17 0.3777  1.96998E-17 0.3185  1.10044E-17 0.2571
  1.04674E-17 0.1987  8.82671E-18 0.1404  8.85395E-18 0.1128  1.27460E-17 0.1385
  9.97194E-18 0.1382  1.28049E-17 0.1865  8.25408E-18 0.1484  1.12202E-17 0.1484
  1.07741E-17 0.3452  1.27618E-17 0.2442  1.07130E-17 0.1552  8.23999E-18 0.1427
  9.42850E-18 0.1186  9.68858E-18 0.1461  7.57970E-18 0.1390  8.02629E-18 0.1515
  1.08363E-17 0.2204  4.52778E-17 0.0742  4.15593E-17 0.0690  4.84902E-17 0.1230
  4.21509E-17 0.0775  4.41423E-17 0.0817  4.69391E-17 0.1091  4.35903E-17 0.0826
  3.62391E-17 0.0745  4.61589E-17 0.0924  4.04192E-17 0.1135  4.26375E-17 0.1806
  3.63710E-17 0.0902  3.84918E-17 0.0777  4.02410E-17 0.0849  4.30740E-17 0.1304
  3.93677E-17 0.1011  3.18484E-17 0.0970  3.66509E-17 0.1095  3.11204E-17 0.1005
  3.81520E-17 0.0920  3.30392E-17 0.0952  2.42029E-17 0.0707  3.50038E-17 0.0986
  2.31981E-17 0.0862  2.93658E-17 0.0890  2.81260E-17 0.1201  2.54105E-17 0.0807
  2.84268E-17 0.1007  2.71271E-17 0.0899  2.89083E-17 0.1133  2.70562E-17 0.1156
  2.43467E-17 0.0973  2.82214E-17 0.1266  2.54810E-17 0.0938  2.52515E-17 0.1093
  2.62284E-17 0.1600  2.16011E-17 0.0945  2.44199E-17 0.1456  2.41727E-17 0.0805
  2.19815E-17 0.0892  7.28870E-15 0.0212
tfc    4       1       1       1       1       1       1       1     342
     500000  7.11101E-15  3.98946E-02  3.64347E+00
    1000000  7.37153E-15  2.97796E-02  3.21178E+00
    1500000  7.38583E-15  2.48469E-02  3.05985E+00
    2000000  7.28870E-15  2.12022E-02  3.16670E+00
