mcnp       6     06/26/14 14:57:23     5         2000000     24625585920
 simple nested dxtran test for air transport                                    
ntal     1
    1
tally    1                   -1    0    0
 1 0 0 0 0 0 0 0 0 0 0 0 0 0 0 0 0 0 0 0 0 0 0 0 0 0 0 0 0 0 0 0 0 0 0 0 0
f        1
      1
d        1
u        0
s        0
m        0
c        0
e        0
tt     342
  0.00000E+00  2.00000E+02  4.00000E+02  6.00000E+02  8.00000E+02  1.00000E+03
  1.20000E+03  1.40000E+03  1.60000E+03  1.80000E+03  2.00000E+03  2.20000E+03
  2.40000E+03  2.60000E+03  2.80000E+03  3.00000E+03  3.20000E+03  3.40000E+03
  3.60000E+03  3.80000E+03  4.00000E+03  4.20000E+03  4.40000E+03  4.60000E+03
  4.80000E+03  5.00000E+03  5.20000E+03  5.40000E+03  5.60000E+03  5.80000E+03
  6.00000E+03  6.20000E+03  6.40000E+03  6.60000E+03  6.80000E+03  7.00000E+03
  7.20000E+03  7.40000E+03  7.60000E+03  7.80000E+03  8.00000E+03  8.20000E+03
  8.40000E+03  8.60000E+03  8.80000E+03  9.00000E+03  9.20000E+03  9.40000E+03
  9.60000E+03  9.80000E+03  1.00000E+04  1.02000E+04  1.04000E+04  1.06000E+04
  1.08000E+04  1.10000E+04  1.12000E+04  1.14000E+04  1.16000E+04  1.18000E+04
  1.20000E+04  1.22000E+04  1.24000E+04  1.26000E+04  1.28000E+04  1.30000E+04
  1.32000E+04  1.34000E+04  1.36000E+04  1.38000E+04  1.40000E+04  1.42000E+04
  1.44000E+04  1.46000E+04  1.48000E+04  1.50000E+04  1.52000E+04  1.54000E+04
  1.56000E+04  1.58000E+04  1.60000E+04  1.62000E+04  1.64000E+04  1.66000E+04
  1.68000E+04  1.70000E+04  1.72000E+04  1.74000E+04  1.76000E+04  1.78000E+04
  1.80000E+04  1.82000E+04  1.84000E+04  1.86000E+04  1.88000E+04  1.90000E+04
  1.92000E+04  1.94000E+04  1.96000E+04  1.98000E+04  2.00000E+04  2.02000E+04
  2.04000E+04  2.06000E+04  2.08000E+04  2.10000E+04  2.12000E+04  2.14000E+04
  2.16000E+04  2.18000E+04  2.20000E+04  2.22000E+04  2.24000E+04  2.26000E+04
  2.28000E+04  2.30000E+04  2.32000E+04  2.34000E+04  2.36000E+04  2.38000E+04
  2.40000E+04  2.42000E+04  2.44000E+04  2.46000E+04  2.48000E+04  2.50000E+04
  2.52000E+04  2.54000E+04  2.56000E+04  2.58000E+04  2.60000E+04  2.62000E+04
  2.64000E+04  2.66000E+04  2.68000E+04  2.70000E+04  2.72000E+04  2.74000E+04
  2.76000E+04  2.78000E+04  2.80000E+04  2.82000E+04  2.84000E+04  2.86000E+04
  2.88000E+04  2.90000E+04  2.92000E+04  2.94000E+04  2.96000E+04  2.98000E+04
  3.00000E+04  3.02000E+04  3.04000E+04  3.06000E+04  3.08000E+04  3.10000E+04
  3.12000E+04  3.14000E+04  3.16000E+04  3.18000E+04  3.20000E+04  3.22000E+04
  3.24000E+04  3.26000E+04  3.28000E+04  3.30000E+04  3.32000E+04  3.34000E+04
  3.36000E+04  3.38000E+04  3.40000E+04  3.42000E+04  3.44000E+04  3.46000E+04
  3.48000E+04  3.50000E+04  3.52000E+04  3.54000E+04  3.56000E+04  3.58000E+04
  3.60000E+04  3.62000E+04  3.64000E+04  3.66000E+04  3.68000E+04  3.70000E+04
  3.72000E+04  3.74000E+04  3.76000E+04  3.78000E+04  3.80000E+04  3.82000E+04
  3.84000E+04  3.86000E+04  3.88000E+04  3.90000E+04  3.92000E+04  3.94000E+04
  3.96000E+04  3.98000E+04  4.00000E+04  4.02000E+04  4.04000E+04  4.06000E+04
  4.08000E+04  4.10000E+04  4.12000E+04  4.14000E+04  4.16000E+04  4.18000E+04
  4.20000E+04  4.22000E+04  4.24000E+04  4.26000E+04  4.28000E+04  4.30000E+04
  4.32000E+04  4.34000E+04  4.36000E+04  4.38000E+04  4.40000E+04  4.42000E+04
  4.44000E+04  4.46000E+04  4.48000E+04  4.50000E+04  4.52000E+04  4.54000E+04
  4.56000E+04  4.58000E+04  4.60000E+04  4.62000E+04  4.64000E+04  4.66000E+04
  4.68000E+04  4.70000E+04  4.72000E+04  4.74000E+04  4.76000E+04  4.78000E+04
  4.80000E+04  4.82000E+04  4.84000E+04  4.86000E+04  4.88000E+04  4.90000E+04
  4.92000E+04  4.94000E+04  4.96000E+04  4.98000E+04  5.00000E+04  5.02000E+04
  5.04000E+04  5.06000E+04  5.08000E+04  5.10000E+04  5.12000E+04  5.14000E+04
  5.16000E+04  5.18000E+04  5.20000E+04  5.22000E+04  5.24000E+04  5.26000E+04
  5.28000E+04  5.30000E+04  5.32000E+04  5.34000E+04  5.36000E+04  5.38000E+04
  5.40000E+04  5.42000E+04  5.44000E+04  5.46000E+04  5.48000E+04  5.50000E+04
  5.52000E+04  5.54000E+04  5.56000E+04  5.58000E+04  5.60000E+04  5.62000E+04
  5.64000E+04  5.66000E+04  5.68000E+04  5.70000E+04  5.72000E+04  5.74000E+04
  5.76000E+04  5.78000E+04  5.80000E+04  5.82000E+04  5.84000E+04  5.86000E+04
  5.88000E+04  5.90000E+04  5.92000E+04  5.94000E+04  5.96000E+04  5.98000E+04
  6.00000E+04  6.10000E+04  6.20000E+04  6.30000E+04  6.40000E+04  6.50000E+04
  6.60000E+04  6.70000E+04  6.80000E+04  6.90000E+04  7.00000E+04  7.10000E+04
  7.20000E+04  7.30000E+04  7.40000E+04  7.50000E+04  7.60000E+04  7.70000E+04
  7.80000E+04  7.90000E+04  8.00000E+04  8.10000E+04  8.20000E+04  8.30000E+04
  8.40000E+04  8.50000E+04  8.60000E+04  8.70000E+04  8.80000E+04  8.90000E+04
  9.00000E+04  9.10000E+04  9.20000E+04  9.30000E+04  9.40000E+04  9.50000E+04
  9.60000E+04  9.70000E+04  9.80000E+04  9.90000E+04  1.00000E+05
vals
  0.00000E+00 0.0000  0.00000E+00 0.0000  0.00000E+00 0.0000  0.00000E+00 0.0000
  0.00000E+00 0.0000  0.00000E+00 0.0000  0.00000E+00 0.0000  0.00000E+00 0.0000
  0.00000E+00 0.0000  0.00000E+00 0.0000  0.00000E+00 0.0000  0.00000E+00 0.0000
  0.00000E+00 0.0000  0.00000E+00 0.0000  0.00000E+00 0.0000  0.00000E+00 0.0000
  0.00000E+00 0.0000  0.00000E+00 0.0000  0.00000E+00 0.0000  0.00000E+00 0.0000
  0.00000E+00 0.0000  0.00000E+00 0.0000  4.19656E-20 1.0000  0.00000E+00 0.0000
  0.00000E+00 0.0000  0.00000E+00 0.0000  9.03793E-19 0.6827  6.91448E-19 0.6037
  1.11848E-18 0.3551  1.94923E-18 0.3001  2.40384E-18 0.3196  5.17406E-18 0.2806
  7.05585E-18 0.2191  5.00046E-18 0.1903  6.33924E-18 0.2133  9.83236E-18 0.1255
  1.41644E-17 0.1844  1.82637E-17 0.2026  1.11910E-17 0.1224  1.37053E-17 0.1353
  1.24631E-17 0.1902  1.58637E-17 0.1967  1.17894E-17 0.1446  1.15577E-17 0.1516
  1.26923E-17 0.1719  9.10598E-18 0.1082  1.25475E-17 0.1331  1.11986E-17 0.1116
  1.49322E-17 0.1263  1.59141E-17 0.1265  1.51886E-17 0.1067  1.62464E-17 0.0983
  1.97489E-17 0.1919  2.00027E-17 0.1216  2.42787E-17 0.1324  2.61272E-17 0.1290
  3.40788E-17 0.2320  3.04606E-17 0.1581  2.65947E-17 0.1215  2.35520E-17 0.0786
  2.79788E-17 0.0983  2.33874E-17 0.0870  2.68209E-17 0.0948  2.59845E-17 0.1139
  3.00785E-17 0.0960  2.97622E-17 0.1097  2.49310E-17 0.0721  3.24473E-17 0.1202
  2.64736E-17 0.0737  2.91018E-17 0.1268  3.03388E-17 0.1178  2.95750E-17 0.1312
  3.03250E-17 0.0940  3.56103E-17 0.1059  3.08942E-17 0.0988  3.26596E-17 0.1107
  3.00398E-17 0.1090  4.25697E-17 0.1331  3.23414E-17 0.1317  3.75108E-17 0.1794
  3.24262E-17 0.1135  2.82078E-17 0.0807  3.63281E-17 0.1541  5.44757E-17 0.4113
  4.31250E-17 0.1720  2.96464E-17 0.0974  3.50707E-17 0.1144  3.03960E-17 0.0773
  3.79237E-17 0.1855  3.33491E-17 0.0734  3.86374E-17 0.1174  4.26794E-17 0.2127
  3.61084E-17 0.0981  3.45802E-17 0.1311  3.17642E-17 0.0877  3.90375E-17 0.1232
  4.52322E-17 0.1377  4.11042E-17 0.1551  3.74910E-17 0.1802  3.15354E-17 0.0791
  3.06262E-17 0.1047  3.82215E-17 0.0787  3.83816E-17 0.1125  5.25559E-17 0.2190
  3.22234E-17 0.1032  4.67493E-17 0.1973  4.15588E-17 0.1372  3.41232E-17 0.0943
  3.23686E-17 0.0957  3.26772E-17 0.1357  2.94761E-17 0.1113  3.41399E-17 0.0928
  3.07623E-17 0.0914  3.34536E-17 0.1728  3.48090E-17 0.1265  4.46674E-17 0.1767
  3.30728E-17 0.0917  3.25034E-17 0.0869  4.22343E-17 0.1360  3.15747E-17 0.1037
  2.80055E-17 0.0828  2.65726E-17 0.0937  3.70305E-17 0.1245  2.76014E-17 0.0908
  3.36651E-17 0.0969  2.91715E-17 0.1116  3.28464E-17 0.0964  3.12448E-17 0.1966
  3.73864E-17 0.2314  3.79770E-17 0.2097  3.30999E-17 0.1736  2.61867E-17 0.0868
  2.55075E-17 0.1124  2.82616E-17 0.0835  3.19844E-17 0.1313  2.95693E-17 0.1132
  3.20168E-17 0.1407  3.77464E-17 0.2005  3.18377E-17 0.1268  2.52839E-17 0.1270
  3.32404E-17 0.1242  3.54677E-17 0.1945  2.70810E-17 0.1494  3.03190E-17 0.1432
  3.18293E-17 0.1514  2.58159E-17 0.0954  2.23782E-17 0.0825  3.38717E-17 0.2724
  2.87167E-17 0.1303  2.11593E-17 0.1067  2.35438E-17 0.1069  3.49310E-17 0.2134
  2.52526E-17 0.1030  3.73152E-17 0.2659  2.35751E-17 0.1058  2.36552E-17 0.1158
  2.71012E-17 0.1106  2.68159E-17 0.1550  2.80129E-17 0.1458  2.21246E-17 0.0999
  2.21816E-17 0.1480  2.19927E-17 0.0964  1.96173E-17 0.0901  4.35232E-17 0.4029
  2.22586E-17 0.1084  2.45549E-17 0.1858  3.21758E-17 0.1485  3.28632E-17 0.3149
  2.73510E-17 0.1254  2.32641E-17 0.1925  2.02187E-17 0.1365  1.94675E-17 0.1192
  1.95925E-17 0.0964  2.53954E-17 0.1330  3.00390E-17 0.1607  2.36707E-17 0.1444
  2.48909E-17 0.2377  1.78263E-17 0.1461  1.84777E-17 0.0996  2.04665E-17 0.1507
  2.56638E-17 0.1927  2.48919E-17 0.2191  2.18253E-17 0.1156  2.35557E-17 0.1403
  2.12267E-17 0.1207  1.99002E-17 0.1083  2.31570E-17 0.1832  1.67234E-17 0.0934
  3.04246E-17 0.3050  2.00447E-17 0.1076  2.33015E-17 0.1303  1.67501E-17 0.1631
  1.72584E-17 0.1056  2.21912E-17 0.2429  1.71574E-17 0.1022  2.08000E-17 0.1414
  2.65622E-17 0.2300  1.64550E-17 0.1088  1.94574E-17 0.1373  1.75075E-17 0.1220
  2.19661E-17 0.1892  1.85626E-17 0.1604  1.83874E-17 0.1535  2.01967E-17 0.1428
  1.39238E-17 0.1196  1.79259E-17 0.2363  2.00262E-17 0.1891  1.37041E-17 0.0993
  1.71292E-17 0.1918  1.51426E-17 0.0944  1.44291E-17 0.1686  2.11808E-17 0.1920
  1.82488E-17 0.1380  1.76386E-17 0.1842  1.88693E-17 0.1562  1.64450E-17 0.1717
  1.60752E-17 0.1326  1.56983E-17 0.1418  2.25551E-17 0.2226  1.92847E-17 0.2098
  1.55958E-17 0.1870  1.65151E-17 0.1245  1.58148E-17 0.1485  1.57183E-17 0.1475
  1.53182E-17 0.1607  1.40661E-17 0.1153  1.45268E-17 0.1229  1.61460E-17 0.1571
  1.28231E-17 0.1156  1.54179E-17 0.1314  1.50555E-17 0.1725  4.71952E-17 0.6606
  1.62563E-17 0.1347  1.42761E-17 0.1270  1.73037E-17 0.1559  1.33262E-17 0.1247
  1.35465E-17 0.1297  1.07555E-17 0.1043  2.35205E-17 0.2963  1.40099E-17 0.1455
  1.32924E-17 0.1714  1.37856E-17 0.1285  1.10411E-17 0.1115  1.33354E-17 0.1099
  1.38306E-17 0.2006  1.61809E-17 0.1687  1.10838E-17 0.1047  1.10799E-17 0.1436
  1.12380E-17 0.1193  1.65036E-17 0.2524  1.31155E-17 0.1501  1.57139E-17 0.1919
  1.15546E-17 0.1362  1.67762E-17 0.1513  1.32503E-17 0.1505  1.21213E-17 0.1372
  1.28856E-17 0.1704  1.67131E-17 0.2610  1.30694E-17 0.1200  9.60682E-18 0.1163
  1.02193E-17 0.1135  1.21708E-17 0.1446  1.17025E-17 0.1221  1.07801E-17 0.1192
  1.21196E-17 0.1946  1.10885E-17 0.1213  1.54860E-17 0.1736  1.39485E-17 0.2498
  1.04617E-17 0.1884  1.16251E-17 0.1315  1.12275E-17 0.1374  1.13780E-17 0.1670
  1.31824E-17 0.1602  1.17799E-17 0.1399  1.09339E-17 0.1507  1.17499E-17 0.1161
  1.17125E-17 0.1384  1.54985E-17 0.2767  8.77338E-18 0.2329  1.00687E-17 0.1832
  1.15179E-17 0.1623  1.25360E-17 0.1597  1.14935E-17 0.1557  9.25751E-18 0.1296
  8.59312E-18 0.1245  1.11706E-17 0.1192  1.00634E-17 0.1480  1.00791E-17 0.1200
  9.59732E-18 0.1762  1.20795E-17 0.1120  8.85749E-18 0.1220  1.11620E-17 0.1293
  9.83523E-18 0.1212  9.36687E-18 0.1576  9.73099E-18 0.1270  7.62625E-18 0.1135
  1.02954E-17 0.1484  9.21056E-18 0.1111  1.20158E-17 0.1961  9.61029E-18 0.1634
  1.07231E-17 0.1780  5.06133E-17 0.0736  4.26018E-17 0.0691  4.83573E-17 0.0783
  5.93751E-17 0.1417  3.92247E-17 0.0616  4.53516E-17 0.0772  4.08402E-17 0.0796
  3.76549E-17 0.0636  3.85352E-17 0.1050  3.76914E-17 0.0942  3.45174E-17 0.0815
  3.03744E-17 0.0782  3.26537E-17 0.0692  3.61000E-17 0.0771  3.54238E-17 0.0759
  3.33848E-17 0.0833  3.31917E-17 0.0801  3.30843E-17 0.1037  3.18747E-17 0.0867
  3.65693E-17 0.1139  2.84362E-17 0.0864  2.91357E-17 0.0958  3.55222E-17 0.1123
  3.29666E-17 0.1200  2.78679E-17 0.0906  2.60184E-17 0.0791  2.72812E-17 0.1365
  2.67805E-17 0.1000  2.82823E-17 0.1037  3.29167E-17 0.0905  2.60824E-17 0.0953
  2.61391E-17 0.0995  2.98587E-17 0.1055  2.28479E-17 0.1015  2.13658E-17 0.0798
  3.58251E-17 0.1617  2.80170E-17 0.1414  2.31784E-17 0.0858  2.69856E-17 0.1257
  2.93053E-17 0.1251  7.38991E-15 0.0197
tfc    4       1       1       1       1       1       1       1     342
     500000  7.25054E-15  3.76638E-02  3.89647E+00
    1000000  7.37652E-15  2.74471E-02  3.69818E+00
    1500000  7.35040E-15  2.25779E-02  3.63926E+00
    2000000  7.38991E-15  1.96810E-02  3.58149E+00
