mcnp       6     06/30/14 09:32:31     4         2000000     24442546398
 simple nested dxtran test for air transport                                    
ntal     1
    1
tally    1                   -1    0    0
 1 0 0 0 0 0 0 0 0 0 0 0 0 0 0 0 0 0 0 0 0 0 0 0 0 0 0 0 0 0 0 0 0 0 0 0 0
f        1
      1
d        1
u        0
s        0
m        0
c        0
e        0
tt     342
  0.00000E+00  2.00000E+02  4.00000E+02  6.00000E+02  8.00000E+02  1.00000E+03
  1.20000E+03  1.40000E+03  1.60000E+03  1.80000E+03  2.00000E+03  2.20000E+03
  2.40000E+03  2.60000E+03  2.80000E+03  3.00000E+03  3.20000E+03  3.40000E+03
  3.60000E+03  3.80000E+03  4.00000E+03  4.20000E+03  4.40000E+03  4.60000E+03
  4.80000E+03  5.00000E+03  5.20000E+03  5.40000E+03  5.60000E+03  5.80000E+03
  6.00000E+03  6.20000E+03  6.40000E+03  6.60000E+03  6.80000E+03  7.00000E+03
  7.20000E+03  7.40000E+03  7.60000E+03  7.80000E+03  8.00000E+03  8.20000E+03
  8.40000E+03  8.60000E+03  8.80000E+03  9.00000E+03  9.20000E+03  9.40000E+03
  9.60000E+03  9.80000E+03  1.00000E+04  1.02000E+04  1.04000E+04  1.06000E+04
  1.08000E+04  1.10000E+04  1.12000E+04  1.14000E+04  1.16000E+04  1.18000E+04
  1.20000E+04  1.22000E+04  1.24000E+04  1.26000E+04  1.28000E+04  1.30000E+04
  1.32000E+04  1.34000E+04  1.36000E+04  1.38000E+04  1.40000E+04  1.42000E+04
  1.44000E+04  1.46000E+04  1.48000E+04  1.50000E+04  1.52000E+04  1.54000E+04
  1.56000E+04  1.58000E+04  1.60000E+04  1.62000E+04  1.64000E+04  1.66000E+04
  1.68000E+04  1.70000E+04  1.72000E+04  1.74000E+04  1.76000E+04  1.78000E+04
  1.80000E+04  1.82000E+04  1.84000E+04  1.86000E+04  1.88000E+04  1.90000E+04
  1.92000E+04  1.94000E+04  1.96000E+04  1.98000E+04  2.00000E+04  2.02000E+04
  2.04000E+04  2.06000E+04  2.08000E+04  2.10000E+04  2.12000E+04  2.14000E+04
  2.16000E+04  2.18000E+04  2.20000E+04  2.22000E+04  2.24000E+04  2.26000E+04
  2.28000E+04  2.30000E+04  2.32000E+04  2.34000E+04  2.36000E+04  2.38000E+04
  2.40000E+04  2.42000E+04  2.44000E+04  2.46000E+04  2.48000E+04  2.50000E+04
  2.52000E+04  2.54000E+04  2.56000E+04  2.58000E+04  2.60000E+04  2.62000E+04
  2.64000E+04  2.66000E+04  2.68000E+04  2.70000E+04  2.72000E+04  2.74000E+04
  2.76000E+04  2.78000E+04  2.80000E+04  2.82000E+04  2.84000E+04  2.86000E+04
  2.88000E+04  2.90000E+04  2.92000E+04  2.94000E+04  2.96000E+04  2.98000E+04
  3.00000E+04  3.02000E+04  3.04000E+04  3.06000E+04  3.08000E+04  3.10000E+04
  3.12000E+04  3.14000E+04  3.16000E+04  3.18000E+04  3.20000E+04  3.22000E+04
  3.24000E+04  3.26000E+04  3.28000E+04  3.30000E+04  3.32000E+04  3.34000E+04
  3.36000E+04  3.38000E+04  3.40000E+04  3.42000E+04  3.44000E+04  3.46000E+04
  3.48000E+04  3.50000E+04  3.52000E+04  3.54000E+04  3.56000E+04  3.58000E+04
  3.60000E+04  3.62000E+04  3.64000E+04  3.66000E+04  3.68000E+04  3.70000E+04
  3.72000E+04  3.74000E+04  3.76000E+04  3.78000E+04  3.80000E+04  3.82000E+04
  3.84000E+04  3.86000E+04  3.88000E+04  3.90000E+04  3.92000E+04  3.94000E+04
  3.96000E+04  3.98000E+04  4.00000E+04  4.02000E+04  4.04000E+04  4.06000E+04
  4.08000E+04  4.10000E+04  4.12000E+04  4.14000E+04  4.16000E+04  4.18000E+04
  4.20000E+04  4.22000E+04  4.24000E+04  4.26000E+04  4.28000E+04  4.30000E+04
  4.32000E+04  4.34000E+04  4.36000E+04  4.38000E+04  4.40000E+04  4.42000E+04
  4.44000E+04  4.46000E+04  4.48000E+04  4.50000E+04  4.52000E+04  4.54000E+04
  4.56000E+04  4.58000E+04  4.60000E+04  4.62000E+04  4.64000E+04  4.66000E+04
  4.68000E+04  4.70000E+04  4.72000E+04  4.74000E+04  4.76000E+04  4.78000E+04
  4.80000E+04  4.82000E+04  4.84000E+04  4.86000E+04  4.88000E+04  4.90000E+04
  4.92000E+04  4.94000E+04  4.96000E+04  4.98000E+04  5.00000E+04  5.02000E+04
  5.04000E+04  5.06000E+04  5.08000E+04  5.10000E+04  5.12000E+04  5.14000E+04
  5.16000E+04  5.18000E+04  5.20000E+04  5.22000E+04  5.24000E+04  5.26000E+04
  5.28000E+04  5.30000E+04  5.32000E+04  5.34000E+04  5.36000E+04  5.38000E+04
  5.40000E+04  5.42000E+04  5.44000E+04  5.46000E+04  5.48000E+04  5.50000E+04
  5.52000E+04  5.54000E+04  5.56000E+04  5.58000E+04  5.60000E+04  5.62000E+04
  5.64000E+04  5.66000E+04  5.68000E+04  5.70000E+04  5.72000E+04  5.74000E+04
  5.76000E+04  5.78000E+04  5.80000E+04  5.82000E+04  5.84000E+04  5.86000E+04
  5.88000E+04  5.90000E+04  5.92000E+04  5.94000E+04  5.96000E+04  5.98000E+04
  6.00000E+04  6.10000E+04  6.20000E+04  6.30000E+04  6.40000E+04  6.50000E+04
  6.60000E+04  6.70000E+04  6.80000E+04  6.90000E+04  7.00000E+04  7.10000E+04
  7.20000E+04  7.30000E+04  7.40000E+04  7.50000E+04  7.60000E+04  7.70000E+04
  7.80000E+04  7.90000E+04  8.00000E+04  8.10000E+04  8.20000E+04  8.30000E+04
  8.40000E+04  8.50000E+04  8.60000E+04  8.70000E+04  8.80000E+04  8.90000E+04
  9.00000E+04  9.10000E+04  9.20000E+04  9.30000E+04  9.40000E+04  9.50000E+04
  9.60000E+04  9.70000E+04  9.80000E+04  9.90000E+04  1.00000E+05
vals
  0.00000E+00 0.0000  0.00000E+00 0.0000  0.00000E+00 0.0000  0.00000E+00 0.0000
  0.00000E+00 0.0000  0.00000E+00 0.0000  0.00000E+00 0.0000  0.00000E+00 0.0000
  0.00000E+00 0.0000  0.00000E+00 0.0000  0.00000E+00 0.0000  0.00000E+00 0.0000
  0.00000E+00 0.0000  0.00000E+00 0.0000  0.00000E+00 0.0000  0.00000E+00 0.0000
  0.00000E+00 0.0000  0.00000E+00 0.0000  0.00000E+00 0.0000  0.00000E+00 0.0000
  0.00000E+00 0.0000  0.00000E+00 0.0000  8.39313E-20 0.7071  4.19666E-20 1.0000
  4.19693E-20 1.0000  0.00000E+00 0.0000  2.71735E-19 0.5996  7.16814E-19 0.7268
  1.47750E-18 0.4448  1.40731E-18 0.4303  3.90826E-18 0.2679  5.36596E-18 0.3026
  5.99546E-18 0.2674  3.09545E-18 0.2187  5.93177E-18 0.1604  8.26319E-18 0.1438
  1.65552E-17 0.1626  1.86735E-17 0.1781  1.49749E-17 0.1211  1.27692E-17 0.1880
  1.03041E-17 0.1553  1.05345E-17 0.1356  1.10252E-17 0.1869  1.01754E-17 0.1118
  8.99153E-18 0.1364  1.26325E-17 0.1222  1.47023E-17 0.1918  1.11081E-17 0.1064
  1.30842E-17 0.1202  1.44735E-17 0.1139  1.83353E-17 0.1974  2.46754E-17 0.2366
  1.77442E-17 0.1062  1.78403E-17 0.0825  3.91178E-17 0.4526  2.22340E-17 0.0995
  2.36771E-17 0.1061  2.10150E-17 0.1119  2.48056E-17 0.1642  2.69383E-17 0.1397
  3.93025E-17 0.3439  2.54262E-17 0.1549  2.48160E-17 0.1095  2.64984E-17 0.1841
  2.41908E-17 0.0811  2.40587E-17 0.0826  2.22052E-17 0.0781  2.45490E-17 0.0885
  2.48309E-17 0.0990  4.04597E-17 0.2579  3.13330E-17 0.1637  4.39340E-17 0.4212
  3.13741E-17 0.1006  2.93736E-17 0.0981  2.26845E-17 0.0710  3.52992E-17 0.1522
  2.82228E-17 0.1072  4.70940E-17 0.3302  2.69417E-17 0.0968  3.20371E-17 0.1071
  2.78967E-17 0.0911  3.20387E-17 0.1151  3.82405E-17 0.1267  3.95941E-17 0.1245
  3.93956E-17 0.1588  3.09755E-17 0.0896  2.82948E-17 0.0881  2.98896E-17 0.0814
  3.79780E-17 0.1925  3.46696E-17 0.1266  2.91381E-17 0.1079  3.43669E-17 0.0902
  3.08303E-17 0.1065  2.95127E-17 0.0887  3.11295E-17 0.1007  7.31757E-17 0.6369
  3.32517E-17 0.0889  3.25307E-17 0.0967  3.28624E-17 0.0970  3.63733E-17 0.1226
  3.94980E-17 0.2643  4.28890E-17 0.1415  3.80905E-17 0.1603  3.56369E-17 0.1396
  3.32586E-17 0.0889  3.60861E-17 0.1054  3.10204E-17 0.0916  3.52530E-17 0.1356
  2.97137E-17 0.0910  3.85741E-17 0.1011  3.50226E-17 0.1175  2.89698E-17 0.0851
  2.96916E-17 0.0899  3.53344E-17 0.1052  3.10530E-17 0.0927  3.53328E-17 0.1366
  3.86126E-17 0.1299  3.79748E-17 0.1397  2.99208E-17 0.0882  3.51424E-17 0.1094
  2.74704E-17 0.0813  2.93479E-17 0.1147  3.29180E-17 0.1148  4.09242E-17 0.2085
  2.25324E-17 0.0785  2.86119E-17 0.0833  3.24418E-17 0.1355  2.53962E-17 0.1089
  3.33363E-17 0.1407  2.73149E-17 0.1063  3.02093E-17 0.0991  3.01242E-17 0.1097
  2.53034E-17 0.0965  3.30048E-17 0.1631  2.98011E-17 0.1034  2.47796E-17 0.1041
  2.67666E-17 0.1063  2.40933E-17 0.1274  3.04666E-17 0.1198  2.49852E-17 0.2028
  3.85163E-17 0.1851  2.61071E-17 0.1392  3.54522E-17 0.1393  2.93186E-17 0.1333
  3.34670E-17 0.3258  2.81900E-17 0.0896  2.79798E-17 0.1342  2.17171E-17 0.0789
  2.74108E-17 0.0877  2.91680E-17 0.1532  2.62629E-17 0.1096  3.58988E-17 0.2258
  2.86231E-17 0.1435  2.44667E-17 0.1078  3.03954E-17 0.2704  2.74140E-17 0.1065
  2.71947E-17 0.1169  2.52853E-17 0.1331  2.72354E-17 0.1394  2.78251E-17 0.1386
  4.34180E-17 0.3442  1.89462E-17 0.1014  2.48987E-17 0.1348  2.88236E-17 0.1515
  2.21717E-17 0.1303  2.07771E-17 0.1142  2.98288E-17 0.1979  2.18068E-17 0.1218
  2.06103E-17 0.0924  2.26354E-17 0.0905  2.50520E-17 0.1555  2.12997E-17 0.1540
  2.72298E-17 0.2028  2.42042E-17 0.1123  2.10422E-17 0.1009  2.29996E-17 0.1411
  2.62695E-17 0.1728  5.20735E-17 0.6007  1.85841E-17 0.1153  2.12424E-17 0.1035
  2.46386E-17 0.1806  2.31663E-17 0.1152  2.62879E-17 0.1852  1.74643E-17 0.0899
  9.52138E-17 0.7676  2.25187E-17 0.1727  2.75307E-17 0.1776  1.70698E-17 0.1189
  1.86260E-17 0.1148  1.75541E-17 0.1077  2.10866E-17 0.1147  1.62200E-17 0.1164
  2.27241E-17 0.1388  1.67293E-17 0.1203  1.80218E-17 0.1404  1.97078E-17 0.1224
  1.71324E-17 0.1054  1.64821E-17 0.1614  2.28167E-17 0.1902  1.68553E-17 0.1388
  1.92291E-17 0.1434  1.97793E-17 0.1404  2.54613E-17 0.2026  2.10638E-17 0.1565
  1.89171E-17 0.1222  2.29732E-17 0.2042  1.91254E-17 0.1830  1.80747E-17 0.1319
  1.66171E-17 0.1012  1.23995E-17 0.1081  1.58896E-17 0.1191  1.40469E-17 0.1082
  1.49990E-17 0.1066  2.02477E-17 0.1160  1.58244E-17 0.1771  1.65440E-17 0.1463
  1.49593E-17 0.1051  1.75225E-17 0.1317  1.38116E-17 0.1008  1.30656E-17 0.1575
  1.43872E-17 0.1289  1.62880E-17 0.1298  1.31685E-17 0.1282  1.19611E-17 0.1186
  2.02628E-17 0.1648  3.25139E-17 0.4529  1.72217E-17 0.2759  1.44064E-17 0.1718
  1.58992E-17 0.1173  1.65662E-17 0.1571  1.38393E-17 0.1061  1.34654E-17 0.1414
  1.38777E-17 0.1187  1.62221E-17 0.1598  1.13175E-17 0.1135  1.05175E-17 0.1346
  1.80702E-17 0.3726  1.49818E-17 0.1275  1.24007E-17 0.1327  1.76948E-17 0.2823
  1.44027E-17 0.1354  1.48499E-17 0.2083  1.33957E-17 0.1503  1.09925E-17 0.1243
  1.62883E-17 0.2152  1.26277E-17 0.1281  1.27341E-17 0.1550  1.34174E-17 0.1496
  1.54646E-17 0.1424  7.68868E-18 0.1092  1.08036E-17 0.1116  1.11726E-17 0.1941
  1.15356E-17 0.1197  1.44561E-17 0.1572  1.12282E-17 0.1406  1.46124E-17 0.1364
  1.07173E-17 0.1303  1.09540E-17 0.1533  1.13300E-17 0.2156  1.03708E-17 0.1235
  1.13914E-17 0.1179  1.19619E-17 0.1029  1.24811E-17 0.1387  1.10004E-17 0.1312
  9.71493E-18 0.1326  1.16828E-17 0.1133  8.58481E-18 0.1580  1.39652E-17 0.1400
  8.38904E-18 0.1069  8.19352E-18 0.1239  1.03624E-17 0.1829  1.01998E-17 0.1528
  1.07672E-17 0.1246  9.46053E-18 0.1825  1.15085E-17 0.1148  1.05493E-17 0.1417
  9.23722E-18 0.1231  1.21610E-17 0.1450  1.51273E-17 0.3475  1.12017E-17 0.1347
  9.10156E-18 0.1401  9.71493E-18 0.1162  1.26630E-17 0.1962  1.35442E-17 0.2299
  9.96668E-18 0.1200  8.94248E-18 0.1391  1.41800E-17 0.1549  1.35055E-17 0.1887
  9.73291E-18 0.1240  1.33554E-17 0.2655  9.29216E-18 0.1628  1.22415E-17 0.2006
  9.63611E-18 0.1928  7.43071E-18 0.1147  1.15194E-17 0.2726  7.43882E-18 0.1302
  1.05655E-17 0.1918  1.08066E-17 0.1925  1.00271E-17 0.2026  8.58124E-18 0.1436
  1.26734E-17 0.1307  6.21031E-17 0.2988  4.72020E-17 0.0795  4.06125E-17 0.0795
  4.48802E-17 0.0953  3.73499E-17 0.0721  4.96788E-17 0.1060  3.71668E-17 0.0658
  4.83094E-17 0.1206  3.65888E-17 0.0863  5.16064E-17 0.1080  3.71518E-17 0.0741
  3.78708E-17 0.0900  3.14835E-17 0.0760  3.38943E-17 0.0815  3.15718E-17 0.0938
  3.48793E-17 0.0791  3.43407E-17 0.0840  2.63514E-17 0.0714  3.41642E-17 0.0933
  2.92834E-17 0.0725  3.36233E-17 0.0957  2.72757E-17 0.0952  3.03592E-17 0.1007
  3.44773E-17 0.1164  3.17152E-17 0.0899  3.00097E-17 0.0978  3.00565E-17 0.1201
  2.91840E-17 0.0839  2.65310E-17 0.1097  2.88910E-17 0.1125  2.90602E-17 0.0961
  2.65076E-17 0.0892  2.33463E-17 0.0894  2.39014E-17 0.1022  2.94251E-17 0.1406
  2.36379E-17 0.0949  3.38253E-17 0.1770  2.48400E-17 0.1091  2.40132E-17 0.1252
  2.14055E-17 0.0926  7.31244E-15 0.0233
tfc    4       1       1       1       1       1       1       1     342
     500000  7.47497E-15  5.89127E-02  1.65241E+00
    1000000  7.57631E-15  3.56150E-02  2.24169E+00
    1500000  7.30704E-15  2.77013E-02  2.48846E+00
    2000000  7.31244E-15  2.33155E-02  2.63176E+00
