mcnp       6     06/30/14 11:29:52     4         2000000     24668699652
 simple nested dxtran test for air transport                                    
ntal     1
    1
tally    1                   -1    0    0
 1 0 0 0 0 0 0 0 0 0 0 0 0 0 0 0 0 0 0 0 0 0 0 0 0 0 0 0 0 0 0 0 0 0 0 0 0
f        1
      1
d        1
u        0
s        0
m        0
c        0
e        0
tt     342
  0.00000E+00  2.00000E+02  4.00000E+02  6.00000E+02  8.00000E+02  1.00000E+03
  1.20000E+03  1.40000E+03  1.60000E+03  1.80000E+03  2.00000E+03  2.20000E+03
  2.40000E+03  2.60000E+03  2.80000E+03  3.00000E+03  3.20000E+03  3.40000E+03
  3.60000E+03  3.80000E+03  4.00000E+03  4.20000E+03  4.40000E+03  4.60000E+03
  4.80000E+03  5.00000E+03  5.20000E+03  5.40000E+03  5.60000E+03  5.80000E+03
  6.00000E+03  6.20000E+03  6.40000E+03  6.60000E+03  6.80000E+03  7.00000E+03
  7.20000E+03  7.40000E+03  7.60000E+03  7.80000E+03  8.00000E+03  8.20000E+03
  8.40000E+03  8.60000E+03  8.80000E+03  9.00000E+03  9.20000E+03  9.40000E+03
  9.60000E+03  9.80000E+03  1.00000E+04  1.02000E+04  1.04000E+04  1.06000E+04
  1.08000E+04  1.10000E+04  1.12000E+04  1.14000E+04  1.16000E+04  1.18000E+04
  1.20000E+04  1.22000E+04  1.24000E+04  1.26000E+04  1.28000E+04  1.30000E+04
  1.32000E+04  1.34000E+04  1.36000E+04  1.38000E+04  1.40000E+04  1.42000E+04
  1.44000E+04  1.46000E+04  1.48000E+04  1.50000E+04  1.52000E+04  1.54000E+04
  1.56000E+04  1.58000E+04  1.60000E+04  1.62000E+04  1.64000E+04  1.66000E+04
  1.68000E+04  1.70000E+04  1.72000E+04  1.74000E+04  1.76000E+04  1.78000E+04
  1.80000E+04  1.82000E+04  1.84000E+04  1.86000E+04  1.88000E+04  1.90000E+04
  1.92000E+04  1.94000E+04  1.96000E+04  1.98000E+04  2.00000E+04  2.02000E+04
  2.04000E+04  2.06000E+04  2.08000E+04  2.10000E+04  2.12000E+04  2.14000E+04
  2.16000E+04  2.18000E+04  2.20000E+04  2.22000E+04  2.24000E+04  2.26000E+04
  2.28000E+04  2.30000E+04  2.32000E+04  2.34000E+04  2.36000E+04  2.38000E+04
  2.40000E+04  2.42000E+04  2.44000E+04  2.46000E+04  2.48000E+04  2.50000E+04
  2.52000E+04  2.54000E+04  2.56000E+04  2.58000E+04  2.60000E+04  2.62000E+04
  2.64000E+04  2.66000E+04  2.68000E+04  2.70000E+04  2.72000E+04  2.74000E+04
  2.76000E+04  2.78000E+04  2.80000E+04  2.82000E+04  2.84000E+04  2.86000E+04
  2.88000E+04  2.90000E+04  2.92000E+04  2.94000E+04  2.96000E+04  2.98000E+04
  3.00000E+04  3.02000E+04  3.04000E+04  3.06000E+04  3.08000E+04  3.10000E+04
  3.12000E+04  3.14000E+04  3.16000E+04  3.18000E+04  3.20000E+04  3.22000E+04
  3.24000E+04  3.26000E+04  3.28000E+04  3.30000E+04  3.32000E+04  3.34000E+04
  3.36000E+04  3.38000E+04  3.40000E+04  3.42000E+04  3.44000E+04  3.46000E+04
  3.48000E+04  3.50000E+04  3.52000E+04  3.54000E+04  3.56000E+04  3.58000E+04
  3.60000E+04  3.62000E+04  3.64000E+04  3.66000E+04  3.68000E+04  3.70000E+04
  3.72000E+04  3.74000E+04  3.76000E+04  3.78000E+04  3.80000E+04  3.82000E+04
  3.84000E+04  3.86000E+04  3.88000E+04  3.90000E+04  3.92000E+04  3.94000E+04
  3.96000E+04  3.98000E+04  4.00000E+04  4.02000E+04  4.04000E+04  4.06000E+04
  4.08000E+04  4.10000E+04  4.12000E+04  4.14000E+04  4.16000E+04  4.18000E+04
  4.20000E+04  4.22000E+04  4.24000E+04  4.26000E+04  4.28000E+04  4.30000E+04
  4.32000E+04  4.34000E+04  4.36000E+04  4.38000E+04  4.40000E+04  4.42000E+04
  4.44000E+04  4.46000E+04  4.48000E+04  4.50000E+04  4.52000E+04  4.54000E+04
  4.56000E+04  4.58000E+04  4.60000E+04  4.62000E+04  4.64000E+04  4.66000E+04
  4.68000E+04  4.70000E+04  4.72000E+04  4.74000E+04  4.76000E+04  4.78000E+04
  4.80000E+04  4.82000E+04  4.84000E+04  4.86000E+04  4.88000E+04  4.90000E+04
  4.92000E+04  4.94000E+04  4.96000E+04  4.98000E+04  5.00000E+04  5.02000E+04
  5.04000E+04  5.06000E+04  5.08000E+04  5.10000E+04  5.12000E+04  5.14000E+04
  5.16000E+04  5.18000E+04  5.20000E+04  5.22000E+04  5.24000E+04  5.26000E+04
  5.28000E+04  5.30000E+04  5.32000E+04  5.34000E+04  5.36000E+04  5.38000E+04
  5.40000E+04  5.42000E+04  5.44000E+04  5.46000E+04  5.48000E+04  5.50000E+04
  5.52000E+04  5.54000E+04  5.56000E+04  5.58000E+04  5.60000E+04  5.62000E+04
  5.64000E+04  5.66000E+04  5.68000E+04  5.70000E+04  5.72000E+04  5.74000E+04
  5.76000E+04  5.78000E+04  5.80000E+04  5.82000E+04  5.84000E+04  5.86000E+04
  5.88000E+04  5.90000E+04  5.92000E+04  5.94000E+04  5.96000E+04  5.98000E+04
  6.00000E+04  6.10000E+04  6.20000E+04  6.30000E+04  6.40000E+04  6.50000E+04
  6.60000E+04  6.70000E+04  6.80000E+04  6.90000E+04  7.00000E+04  7.10000E+04
  7.20000E+04  7.30000E+04  7.40000E+04  7.50000E+04  7.60000E+04  7.70000E+04
  7.80000E+04  7.90000E+04  8.00000E+04  8.10000E+04  8.20000E+04  8.30000E+04
  8.40000E+04  8.50000E+04  8.60000E+04  8.70000E+04  8.80000E+04  8.90000E+04
  9.00000E+04  9.10000E+04  9.20000E+04  9.30000E+04  9.40000E+04  9.50000E+04
  9.60000E+04  9.70000E+04  9.80000E+04  9.90000E+04  1.00000E+05
vals
  0.00000E+00 0.0000  0.00000E+00 0.0000  0.00000E+00 0.0000  0.00000E+00 0.0000
  0.00000E+00 0.0000  0.00000E+00 0.0000  0.00000E+00 0.0000  0.00000E+00 0.0000
  0.00000E+00 0.0000  0.00000E+00 0.0000  0.00000E+00 0.0000  0.00000E+00 0.0000
  0.00000E+00 0.0000  0.00000E+00 0.0000  0.00000E+00 0.0000  0.00000E+00 0.0000
  0.00000E+00 0.0000  0.00000E+00 0.0000  0.00000E+00 0.0000  0.00000E+00 0.0000
  0.00000E+00 0.0000  0.00000E+00 0.0000  0.00000E+00 0.0000  0.00000E+00 0.0000
  0.00000E+00 0.0000  1.83070E-19 0.8041  9.62827E-20 0.7129  4.22411E-19 0.3765
  3.81400E-19 0.3334  4.88579E-19 0.3060  8.46186E-19 0.3276  5.83677E-18 0.3443
  5.93186E-18 0.2382  6.34201E-18 0.2258  6.62750E-18 0.1873  9.04848E-18 0.1399
  2.19569E-17 0.2750  1.79403E-17 0.2008  2.28218E-17 0.2197  1.38683E-17 0.2810
  1.14074E-17 0.1527  1.03340E-17 0.1317  9.80728E-18 0.0999  1.15732E-17 0.1300
  9.92439E-18 0.1116  1.07931E-17 0.1305  1.18110E-17 0.1460  1.32960E-17 0.1933
  1.60031E-17 0.1349  3.39685E-17 0.4870  1.67978E-17 0.1746  2.26159E-17 0.1950
  1.78918E-17 0.1623  1.98711E-17 0.1030  2.58965E-17 0.1845  2.45121E-17 0.1325
  2.70973E-17 0.0899  2.38975E-17 0.0961  2.53681E-17 0.0919  2.18300E-17 0.0732
  3.01506E-17 0.1756  2.34534E-17 0.0895  2.52469E-17 0.0962  5.14527E-17 0.3071
  2.67112E-17 0.0751  4.81217E-17 0.2686  3.03282E-17 0.1204  2.93453E-17 0.1160
  3.10514E-17 0.1425  2.69790E-17 0.0974  2.86021E-17 0.1395  7.67378E-17 0.5274
  2.81333E-17 0.0752  3.41722E-17 0.0940  4.43714E-17 0.2940  3.34125E-17 0.1326
  3.18015E-17 0.1069  2.72008E-17 0.0925  5.52310E-17 0.4225  3.58569E-17 0.1125
  6.17757E-17 0.3592  3.64876E-17 0.1119  3.15774E-17 0.0878  2.83707E-17 0.0714
  3.81815E-17 0.2538  3.42547E-17 0.1105  3.26748E-17 0.1179  3.15996E-17 0.0869
  3.61472E-17 0.1500  3.97327E-17 0.1473  4.14841E-17 0.1002  3.59120E-17 0.1133
  4.44736E-17 0.1965  3.27535E-17 0.1092  3.30262E-17 0.0969  3.13362E-17 0.0795
  3.83272E-17 0.1433  3.11343E-17 0.0795  3.58073E-17 0.1558  4.06414E-17 0.1496
  3.62409E-17 0.0854  3.25169E-17 0.1118  4.01676E-17 0.1251  3.03164E-17 0.0912
  3.62533E-17 0.1514  3.68067E-17 0.1146  3.76686E-17 0.1161  3.94666E-17 0.1889
  3.28255E-17 0.0960  3.37182E-17 0.1171  4.60459E-17 0.1608  2.97488E-17 0.0896
  3.45360E-17 0.1238  3.48574E-17 0.1919  3.77166E-17 0.1607  3.15002E-17 0.0819
  2.95155E-17 0.1035  4.25171E-17 0.2741  3.61374E-17 0.1268  3.68190E-17 0.1207
  4.22503E-17 0.2405  4.87153E-17 0.3784  2.92662E-17 0.1124  3.09776E-17 0.1329
  2.94995E-17 0.1070  3.07232E-17 0.1107  3.86674E-17 0.2233  2.82620E-17 0.0783
  2.89259E-17 0.0833  2.83909E-17 0.1260  2.43343E-17 0.0904  3.32613E-17 0.2039
  2.73126E-17 0.1082  3.13063E-17 0.1029  3.47645E-17 0.2151  2.94038E-17 0.1487
  3.27966E-17 0.1283  2.90115E-17 0.0925  2.60807E-17 0.0938  3.00795E-17 0.1809
  2.57464E-17 0.0956  3.12027E-17 0.1376  3.76336E-17 0.2817  2.36197E-17 0.1004
  2.59461E-17 0.0866  2.16938E-17 0.0938  2.82710E-17 0.1142  2.65304E-17 0.0943
  2.55969E-17 0.0976  3.83023E-17 0.1488  2.16016E-17 0.1029  2.43960E-17 0.1818
  3.01656E-17 0.1903  2.44046E-17 0.0927  2.85247E-17 0.1269  2.35905E-17 0.1025
  4.03985E-17 0.2876  3.03937E-17 0.1431  3.12620E-17 0.2506  3.45407E-17 0.2090
  2.41842E-17 0.1968  1.84207E-17 0.0865  2.54299E-17 0.1982  2.23160E-17 0.0905
  2.76479E-17 0.1597  2.44510E-17 0.1284  2.61063E-17 0.1315  2.51248E-17 0.1380
  3.64558E-17 0.2114  2.15752E-17 0.0906  2.16652E-17 0.0927  2.28392E-17 0.2167
  3.15101E-17 0.2724  1.94216E-17 0.0959  2.07342E-17 0.1061  3.09014E-17 0.2344
  2.14359E-17 0.1113  1.97950E-17 0.1100  2.04892E-17 0.1513  2.22567E-17 0.1408
  3.22638E-17 0.3273  2.23794E-17 0.1011  1.98312E-17 0.1056  1.66496E-17 0.1210
  1.71734E-17 0.1302  1.78198E-17 0.0912  2.13958E-17 0.1272  2.49250E-17 0.1280
  1.64570E-17 0.1107  1.97620E-17 0.0990  1.96141E-17 0.1355  1.38668E-17 0.0833
  1.69194E-17 0.1090  1.94416E-17 0.1131  1.61367E-17 0.0978  1.92333E-17 0.1458
  1.75441E-17 0.1236  1.74015E-17 0.1161  1.65091E-17 0.1227  3.59184E-17 0.4335
  1.85797E-17 0.1466  2.03194E-17 0.1105  3.05660E-17 0.4308  3.26138E-17 0.3139
  1.83335E-17 0.1040  1.84673E-17 0.1544  2.37180E-17 0.1411  1.81960E-17 0.1833
  1.54718E-17 0.1288  1.56389E-17 0.1172  1.65678E-17 0.1208  1.61900E-17 0.1293
  1.37493E-17 0.1154  1.60322E-17 0.1143  1.84783E-17 0.1354  1.47572E-17 0.1388
  1.72321E-17 0.1302  1.60477E-17 0.1108  1.61429E-17 0.1736  1.61235E-17 0.1376
  1.87968E-17 0.1686  1.77476E-17 0.1690  2.11511E-17 0.3026  1.71881E-17 0.2253
  1.28506E-17 0.1365  1.27870E-17 0.1515  1.78348E-17 0.2145  1.44959E-17 0.1167
  1.27120E-17 0.1062  1.27054E-17 0.1193  1.62240E-17 0.1363  1.40458E-17 0.1267
  1.84000E-17 0.1180  1.48765E-17 0.1406  1.71762E-17 0.1451  1.16687E-17 0.1306
  1.50470E-17 0.1308  1.97063E-17 0.1847  1.17492E-17 0.1123  1.51814E-17 0.1251
  1.25110E-17 0.1574  1.72582E-17 0.3162  1.42412E-17 0.1267  2.85971E-17 0.3452
  1.66261E-17 0.2999  1.24799E-17 0.1307  1.80030E-17 0.3467  1.18433E-17 0.1397
  1.26194E-17 0.1346  1.31051E-17 0.1845  1.45759E-17 0.1354  1.49725E-17 0.1540
  3.57535E-17 0.5102  1.43573E-17 0.1723  1.14419E-17 0.1047  1.19609E-17 0.1623
  1.14078E-17 0.1936  1.08144E-17 0.1805  1.59782E-17 0.2270  1.46522E-17 0.1654
  1.52421E-17 0.2814  1.50929E-17 0.2363  1.44399E-17 0.2443  1.28582E-17 0.1581
  1.05178E-17 0.1552  1.17283E-17 0.1644  1.03160E-17 0.1158  9.29187E-18 0.1234
  9.77633E-18 0.1181  9.91971E-18 0.1169  9.40591E-18 0.1023  8.25952E-18 0.1231
  1.07612E-17 0.1342  1.16189E-17 0.1639  1.16091E-17 0.1788  1.26577E-17 0.1425
  8.15232E-18 0.1085  1.14092E-17 0.1256  9.60536E-18 0.1281  9.37587E-18 0.1328
  1.35787E-17 0.2518  9.08267E-18 0.1733  1.06546E-17 0.1228  1.11109E-17 0.1617
  9.06156E-18 0.1654  7.43056E-18 0.1057  1.31236E-17 0.2768  1.27482E-17 0.1633
  1.12246E-17 0.2564  9.06690E-18 0.1402  1.08477E-17 0.1363  9.30622E-18 0.1183
  9.39069E-18 0.1215  1.40415E-17 0.1666  1.07578E-17 0.1541  8.49561E-18 0.1415
  1.04579E-17 0.1389  7.99720E-18 0.1692  7.58893E-18 0.1184  9.26917E-18 0.1200
  1.09705E-17 0.1600  4.29209E-17 0.0787  4.22173E-17 0.0641  3.98335E-17 0.0620
  5.24787E-17 0.1166  5.28900E-17 0.1395  4.41232E-17 0.0820  3.96329E-17 0.0846
  3.62323E-17 0.0674  4.18499E-17 0.0822  4.14745E-17 0.0916  3.74231E-17 0.0974
  3.93492E-17 0.0809  3.47393E-17 0.0875  3.56722E-17 0.1117  3.81875E-17 0.0872
  2.85922E-17 0.1032  3.55554E-17 0.0873  3.69861E-17 0.1092  3.38850E-17 0.0810
  2.92377E-17 0.0887  3.05495E-17 0.0793  3.35703E-17 0.0892  3.64658E-17 0.1504
  3.28288E-17 0.0932  3.17493E-17 0.0818  3.31395E-17 0.1506  3.00719E-17 0.0997
  2.52611E-17 0.0984  2.72790E-17 0.0823  3.94368E-17 0.3329  2.92166E-17 0.0869
  3.32067E-17 0.1648  2.74756E-17 0.1044  2.39372E-17 0.0889  2.53318E-17 0.1078
  2.35931E-17 0.0853  2.63514E-17 0.1088  2.31161E-17 0.0982  2.28499E-17 0.1486
  1.87158E-17 0.0844  7.53321E-15 0.0216
tfc    4       1       1       1       1       1       1       1     342
     500000  7.50010E-15  4.34792E-02  2.93227E+00
    1000000  7.41629E-15  2.99572E-02  3.08709E+00
    1500000  7.40626E-15  2.41437E-02  3.17883E+00
    2000000  7.53321E-15  2.15680E-02  3.00388E+00
