mcnp       6     06/25/14 12:50:28     4         2000000     24368537082
 simple nested dxtran test for air transport                                    
ntal     1
    1
tally    1                   -1    0    0
 1 0 0 0 0 0 0 0 0 0 0 0 0 0 0 0 0 0 0 0 0 0 0 0 0 0 0 0 0 0 0 0 0 0 0 0 0
f        1
      1
d        1
u        0
s        0
m        0
c        0
e        0
tt     342
  0.00000E+00  2.00000E+02  4.00000E+02  6.00000E+02  8.00000E+02  1.00000E+03
  1.20000E+03  1.40000E+03  1.60000E+03  1.80000E+03  2.00000E+03  2.20000E+03
  2.40000E+03  2.60000E+03  2.80000E+03  3.00000E+03  3.20000E+03  3.40000E+03
  3.60000E+03  3.80000E+03  4.00000E+03  4.20000E+03  4.40000E+03  4.60000E+03
  4.80000E+03  5.00000E+03  5.20000E+03  5.40000E+03  5.60000E+03  5.80000E+03
  6.00000E+03  6.20000E+03  6.40000E+03  6.60000E+03  6.80000E+03  7.00000E+03
  7.20000E+03  7.40000E+03  7.60000E+03  7.80000E+03  8.00000E+03  8.20000E+03
  8.40000E+03  8.60000E+03  8.80000E+03  9.00000E+03  9.20000E+03  9.40000E+03
  9.60000E+03  9.80000E+03  1.00000E+04  1.02000E+04  1.04000E+04  1.06000E+04
  1.08000E+04  1.10000E+04  1.12000E+04  1.14000E+04  1.16000E+04  1.18000E+04
  1.20000E+04  1.22000E+04  1.24000E+04  1.26000E+04  1.28000E+04  1.30000E+04
  1.32000E+04  1.34000E+04  1.36000E+04  1.38000E+04  1.40000E+04  1.42000E+04
  1.44000E+04  1.46000E+04  1.48000E+04  1.50000E+04  1.52000E+04  1.54000E+04
  1.56000E+04  1.58000E+04  1.60000E+04  1.62000E+04  1.64000E+04  1.66000E+04
  1.68000E+04  1.70000E+04  1.72000E+04  1.74000E+04  1.76000E+04  1.78000E+04
  1.80000E+04  1.82000E+04  1.84000E+04  1.86000E+04  1.88000E+04  1.90000E+04
  1.92000E+04  1.94000E+04  1.96000E+04  1.98000E+04  2.00000E+04  2.02000E+04
  2.04000E+04  2.06000E+04  2.08000E+04  2.10000E+04  2.12000E+04  2.14000E+04
  2.16000E+04  2.18000E+04  2.20000E+04  2.22000E+04  2.24000E+04  2.26000E+04
  2.28000E+04  2.30000E+04  2.32000E+04  2.34000E+04  2.36000E+04  2.38000E+04
  2.40000E+04  2.42000E+04  2.44000E+04  2.46000E+04  2.48000E+04  2.50000E+04
  2.52000E+04  2.54000E+04  2.56000E+04  2.58000E+04  2.60000E+04  2.62000E+04
  2.64000E+04  2.66000E+04  2.68000E+04  2.70000E+04  2.72000E+04  2.74000E+04
  2.76000E+04  2.78000E+04  2.80000E+04  2.82000E+04  2.84000E+04  2.86000E+04
  2.88000E+04  2.90000E+04  2.92000E+04  2.94000E+04  2.96000E+04  2.98000E+04
  3.00000E+04  3.02000E+04  3.04000E+04  3.06000E+04  3.08000E+04  3.10000E+04
  3.12000E+04  3.14000E+04  3.16000E+04  3.18000E+04  3.20000E+04  3.22000E+04
  3.24000E+04  3.26000E+04  3.28000E+04  3.30000E+04  3.32000E+04  3.34000E+04
  3.36000E+04  3.38000E+04  3.40000E+04  3.42000E+04  3.44000E+04  3.46000E+04
  3.48000E+04  3.50000E+04  3.52000E+04  3.54000E+04  3.56000E+04  3.58000E+04
  3.60000E+04  3.62000E+04  3.64000E+04  3.66000E+04  3.68000E+04  3.70000E+04
  3.72000E+04  3.74000E+04  3.76000E+04  3.78000E+04  3.80000E+04  3.82000E+04
  3.84000E+04  3.86000E+04  3.88000E+04  3.90000E+04  3.92000E+04  3.94000E+04
  3.96000E+04  3.98000E+04  4.00000E+04  4.02000E+04  4.04000E+04  4.06000E+04
  4.08000E+04  4.10000E+04  4.12000E+04  4.14000E+04  4.16000E+04  4.18000E+04
  4.20000E+04  4.22000E+04  4.24000E+04  4.26000E+04  4.28000E+04  4.30000E+04
  4.32000E+04  4.34000E+04  4.36000E+04  4.38000E+04  4.40000E+04  4.42000E+04
  4.44000E+04  4.46000E+04  4.48000E+04  4.50000E+04  4.52000E+04  4.54000E+04
  4.56000E+04  4.58000E+04  4.60000E+04  4.62000E+04  4.64000E+04  4.66000E+04
  4.68000E+04  4.70000E+04  4.72000E+04  4.74000E+04  4.76000E+04  4.78000E+04
  4.80000E+04  4.82000E+04  4.84000E+04  4.86000E+04  4.88000E+04  4.90000E+04
  4.92000E+04  4.94000E+04  4.96000E+04  4.98000E+04  5.00000E+04  5.02000E+04
  5.04000E+04  5.06000E+04  5.08000E+04  5.10000E+04  5.12000E+04  5.14000E+04
  5.16000E+04  5.18000E+04  5.20000E+04  5.22000E+04  5.24000E+04  5.26000E+04
  5.28000E+04  5.30000E+04  5.32000E+04  5.34000E+04  5.36000E+04  5.38000E+04
  5.40000E+04  5.42000E+04  5.44000E+04  5.46000E+04  5.48000E+04  5.50000E+04
  5.52000E+04  5.54000E+04  5.56000E+04  5.58000E+04  5.60000E+04  5.62000E+04
  5.64000E+04  5.66000E+04  5.68000E+04  5.70000E+04  5.72000E+04  5.74000E+04
  5.76000E+04  5.78000E+04  5.80000E+04  5.82000E+04  5.84000E+04  5.86000E+04
  5.88000E+04  5.90000E+04  5.92000E+04  5.94000E+04  5.96000E+04  5.98000E+04
  6.00000E+04  6.10000E+04  6.20000E+04  6.30000E+04  6.40000E+04  6.50000E+04
  6.60000E+04  6.70000E+04  6.80000E+04  6.90000E+04  7.00000E+04  7.10000E+04
  7.20000E+04  7.30000E+04  7.40000E+04  7.50000E+04  7.60000E+04  7.70000E+04
  7.80000E+04  7.90000E+04  8.00000E+04  8.10000E+04  8.20000E+04  8.30000E+04
  8.40000E+04  8.50000E+04  8.60000E+04  8.70000E+04  8.80000E+04  8.90000E+04
  9.00000E+04  9.10000E+04  9.20000E+04  9.30000E+04  9.40000E+04  9.50000E+04
  9.60000E+04  9.70000E+04  9.80000E+04  9.90000E+04  1.00000E+05
vals
  0.00000E+00 0.0000  0.00000E+00 0.0000  0.00000E+00 0.0000  0.00000E+00 0.0000
  0.00000E+00 0.0000  0.00000E+00 0.0000  0.00000E+00 0.0000  0.00000E+00 0.0000
  0.00000E+00 0.0000  0.00000E+00 0.0000  0.00000E+00 0.0000  0.00000E+00 0.0000
  0.00000E+00 0.0000  0.00000E+00 0.0000  0.00000E+00 0.0000  0.00000E+00 0.0000
  0.00000E+00 0.0000  0.00000E+00 0.0000  0.00000E+00 0.0000  0.00000E+00 0.0000
  0.00000E+00 0.0000  0.00000E+00 0.0000  1.25903E-19 0.7454  4.19656E-20 1.0000
  0.00000E+00 0.0000  2.34222E-19 0.8401  6.56908E-19 0.7553  1.67884E-19 0.5000
  9.84002E-19 0.5720  5.92909E-19 0.5029  2.40718E-18 0.4084  6.25197E-18 0.2590
  7.59727E-18 0.2357  3.41079E-18 0.1938  3.77282E-18 0.1804  8.47754E-18 0.1675
  1.43302E-17 0.1999  1.28288E-17 0.1342  2.55954E-17 0.3573  2.08584E-17 0.2740
  1.02883E-17 0.1105  1.48621E-17 0.1455  1.64748E-17 0.1698  2.33659E-17 0.4134
  1.09127E-17 0.1144  9.43481E-18 0.1143  1.82136E-17 0.2521  8.95991E-18 0.1046
  1.93869E-17 0.3384  1.48998E-17 0.1061  1.64649E-17 0.1037  1.60999E-17 0.0843
  2.02181E-17 0.1038  2.03827E-17 0.0960  2.12628E-17 0.0813  2.18330E-17 0.0839
  3.24741E-17 0.3061  2.12777E-17 0.1373  2.71167E-17 0.1075  2.29627E-17 0.1025
  2.93859E-17 0.1519  3.50034E-17 0.2645  2.74036E-17 0.0836  2.38762E-17 0.0823
  2.61658E-17 0.0968  3.28279E-17 0.1556  2.71566E-17 0.0908  2.70975E-17 0.1041
  2.55506E-17 0.0802  2.99740E-17 0.1215  3.26550E-17 0.0994  2.53915E-17 0.0828
  3.75854E-17 0.1321  2.77372E-17 0.0870  2.41699E-17 0.0675  2.39508E-17 0.0757
  2.80680E-17 0.0823  2.71199E-17 0.1011  3.07818E-17 0.1194  2.89351E-17 0.0862
  2.84046E-17 0.0939  2.54875E-17 0.0904  3.81749E-17 0.0931  3.02475E-17 0.0733
  3.94537E-17 0.1466  3.88473E-17 0.1985  2.87846E-17 0.0734  3.24954E-17 0.1413
  5.70378E-17 0.4267  3.37385E-17 0.0863  3.88884E-17 0.1443  3.31596E-17 0.0864
  3.33672E-17 0.1100  4.33709E-17 0.1931  3.08268E-17 0.0826  2.95428E-17 0.0784
  3.61281E-17 0.1542  3.83470E-17 0.3437  3.16861E-17 0.0933  5.24226E-17 0.2307
  3.56301E-17 0.0938  3.31824E-17 0.1212  3.06297E-17 0.1090  3.05841E-17 0.0798
  3.13987E-17 0.0975  3.36369E-17 0.0809  2.97324E-17 0.0892  2.99465E-17 0.1107
  3.74181E-17 0.1132  4.92368E-17 0.2196  5.60282E-17 0.4117  3.19686E-17 0.0803
  3.33411E-17 0.0972  3.36321E-17 0.1091  5.38891E-17 0.3213  2.62712E-17 0.0965
  3.08432E-17 0.1193  3.47074E-17 0.1115  3.66964E-17 0.1264  4.24889E-17 0.2986
  3.41824E-17 0.1207  3.46842E-17 0.0986  3.77990E-17 0.3557  3.06061E-17 0.0981
  2.79455E-17 0.0912  3.13706E-17 0.1131  2.35309E-17 0.0900  2.86898E-17 0.1098
  2.93507E-17 0.0906  3.37846E-17 0.1107  3.95576E-17 0.3056  3.35061E-17 0.1589
  2.43871E-17 0.0933  3.15223E-17 0.1211  2.82455E-17 0.1107  3.06994E-17 0.0997
  3.27248E-17 0.1351  2.92487E-17 0.1650  2.53433E-17 0.1258  2.87709E-17 0.2869
  2.59157E-17 0.1138  2.82983E-17 0.1616  2.90319E-17 0.1120  2.74765E-17 0.1083
  2.46345E-17 0.0943  2.88508E-17 0.1222  2.19597E-17 0.0914  2.92127E-17 0.1313
  2.68432E-17 0.1173  2.77899E-17 0.1716  2.51848E-17 0.1066  2.57693E-17 0.1163
  2.44455E-17 0.1028  2.08311E-17 0.1156  2.31287E-17 0.1047  2.36382E-17 0.1333
  2.31308E-17 0.1229  3.12386E-17 0.1888  2.46406E-17 0.0937  2.64893E-17 0.2432
  2.17028E-17 0.0889  2.29040E-17 0.1291  2.17186E-17 0.1001  2.24444E-17 0.0960
  2.03546E-17 0.1218  2.25641E-17 0.1131  2.30962E-17 0.0919  2.26424E-17 0.1303
  1.97261E-17 0.1197  2.34333E-17 0.1188  2.62121E-17 0.1391  2.05328E-17 0.1003
  1.65797E-17 0.0924  1.97504E-17 0.1387  1.62767E-17 0.1016  2.16027E-17 0.1259
  2.37607E-17 0.2197  1.96603E-17 0.1231  1.73927E-17 0.0998  2.53728E-17 0.1535
  2.90288E-17 0.1489  2.49194E-17 0.1687  2.66596E-17 0.1638  2.10432E-17 0.1306
  2.39530E-17 0.1146  1.99000E-17 0.1276  2.02395E-17 0.1231  1.76350E-17 0.1300
  1.94086E-17 0.1185  1.95166E-17 0.1895  2.22357E-17 0.1460  2.85023E-17 0.4566
  2.47770E-17 0.3048  1.62461E-17 0.1150  1.78423E-17 0.1014  2.75625E-17 0.3254
  1.98084E-17 0.1221  1.66902E-17 0.1070  1.85332E-17 0.1101  1.62222E-17 0.0974
  1.68973E-17 0.1692  2.01576E-17 0.1834  1.91364E-17 0.1513  1.70061E-17 0.1797
  1.47028E-17 0.1111  2.02063E-17 0.1092  1.76036E-17 0.1258  1.87290E-17 0.1226
  1.50639E-17 0.1252  1.72424E-17 0.1066  1.26816E-17 0.1036  1.52526E-17 0.1353
  1.29840E-17 0.1258  1.81415E-17 0.2205  1.26288E-17 0.1030  1.53717E-17 0.1154
  1.69026E-17 0.1231  1.44747E-17 0.1145  1.60953E-17 0.2124  1.85883E-17 0.1396
  2.21178E-17 0.2049  1.73290E-17 0.1165  1.74386E-17 0.1274  1.18074E-17 0.1220
  1.60412E-17 0.1373  1.36873E-17 0.1286  1.34979E-17 0.1478  1.54861E-17 0.1521
  1.66892E-17 0.1376  1.35289E-17 0.1779  2.47042E-17 0.3465  1.21132E-17 0.1104
  1.43952E-17 0.1326  1.29835E-17 0.1249  1.42495E-17 0.1311  1.20918E-17 0.1406
  1.82172E-17 0.1461  1.33066E-17 0.1270  1.03974E-17 0.1279  1.59574E-17 0.1783
  1.24981E-17 0.1136  1.32552E-17 0.1883  1.37778E-17 0.1351  1.50326E-17 0.1643
  1.11043E-17 0.1012  1.25566E-17 0.1570  1.12835E-17 0.1150  2.30133E-17 0.2777
  1.49466E-17 0.2029  1.19537E-17 0.1315  1.54937E-17 0.1847  1.33383E-17 0.1660
  1.56461E-17 0.2283  1.60804E-17 0.3442  1.63972E-17 0.2223  1.10223E-17 0.1498
  9.50340E-18 0.1116  1.01169E-17 0.1230  1.33875E-17 0.1163  1.47922E-17 0.2980
  9.06401E-18 0.1128  9.88739E-18 0.1118  1.03959E-17 0.1092  1.34656E-17 0.2836
  9.30052E-18 0.1300  9.92645E-18 0.1245  1.12302E-17 0.1296  1.00711E-17 0.1297
  9.53045E-18 0.1466  1.21162E-17 0.2045  9.35432E-18 0.1246  1.28045E-17 0.1608
  8.58693E-18 0.1270  7.92943E-18 0.1158  1.11339E-17 0.1798  8.51331E-18 0.1329
  1.14258E-17 0.1321  1.15728E-17 0.1427  1.14004E-17 0.1782  7.83616E-18 0.1257
  8.80539E-18 0.1242  1.25969E-17 0.3108  1.13104E-17 0.1729  1.01179E-17 0.1407
  9.80025E-18 0.1963  1.06110E-17 0.1565  1.15759E-17 0.2382  9.99603E-18 0.1372
  9.64740E-18 0.1388  1.16997E-17 0.3078  1.16797E-17 0.1544  9.90634E-18 0.1822
  8.97316E-18 0.1250  1.28822E-17 0.4013  9.05692E-18 0.1595  1.10747E-17 0.1297
  9.04003E-18 0.1364  1.11513E-17 0.1576  7.04111E-18 0.1250  1.16480E-17 0.1744
  9.76971E-18 0.1884  4.90295E-17 0.0991  4.79184E-17 0.0893  4.91427E-17 0.0750
  5.18790E-17 0.0754  4.25953E-17 0.0796  4.17113E-17 0.1095  5.03432E-17 0.1237
  4.47844E-17 0.0881  4.33780E-17 0.1151  3.75483E-17 0.0738  3.94416E-17 0.0744
  3.69730E-17 0.0870  3.69180E-17 0.0985  3.24114E-17 0.0892  4.53443E-17 0.1841
  3.89219E-17 0.1380  3.47969E-17 0.0951  3.49167E-17 0.0871  2.97159E-17 0.0838
  3.46698E-17 0.1078  3.01819E-17 0.0820  3.84199E-17 0.1216  2.88781E-17 0.0893
  3.83617E-17 0.1269  2.95589E-17 0.0928  3.05580E-17 0.1248  3.06664E-17 0.0973
  2.74640E-17 0.0993  3.01330E-17 0.1044  2.22602E-17 0.1037  2.66070E-17 0.0925
  2.48736E-17 0.0963  2.83734E-17 0.1112  2.51035E-17 0.0777  2.54798E-17 0.1232
  2.09803E-17 0.0904  2.41716E-17 0.0939  1.89660E-17 0.0956  2.51600E-17 0.1187
  2.03445E-17 0.1099  7.18466E-15 0.0204
tfc    4       1       1       1       1       1       1       1     342
     500000  6.96190E-15  3.89656E-02  3.85500E+00
    1000000  7.11040E-15  2.88091E-02  3.49905E+00
    1500000  7.17173E-15  2.37086E-02  3.41573E+00
    2000000  7.18466E-15  2.04164E-02  3.43700E+00
