mcnp       6     06/30/14 14:20:46     4         2000000     24257171706
 simple nested dxtran test for air transport                                    
ntal     1
    1
tally    1                   -1    0    0
 1 0 0 0 0 0 0 0 0 0 0 0 0 0 0 0 0 0 0 0 0 0 0 0 0 0 0 0 0 0 0 0 0 0 0 0 0
f        1
      1
d        1
u        0
s        0
m        0
c        0
e        0
tt     342
  0.00000E+00  2.00000E+02  4.00000E+02  6.00000E+02  8.00000E+02  1.00000E+03
  1.20000E+03  1.40000E+03  1.60000E+03  1.80000E+03  2.00000E+03  2.20000E+03
  2.40000E+03  2.60000E+03  2.80000E+03  3.00000E+03  3.20000E+03  3.40000E+03
  3.60000E+03  3.80000E+03  4.00000E+03  4.20000E+03  4.40000E+03  4.60000E+03
  4.80000E+03  5.00000E+03  5.20000E+03  5.40000E+03  5.60000E+03  5.80000E+03
  6.00000E+03  6.20000E+03  6.40000E+03  6.60000E+03  6.80000E+03  7.00000E+03
  7.20000E+03  7.40000E+03  7.60000E+03  7.80000E+03  8.00000E+03  8.20000E+03
  8.40000E+03  8.60000E+03  8.80000E+03  9.00000E+03  9.20000E+03  9.40000E+03
  9.60000E+03  9.80000E+03  1.00000E+04  1.02000E+04  1.04000E+04  1.06000E+04
  1.08000E+04  1.10000E+04  1.12000E+04  1.14000E+04  1.16000E+04  1.18000E+04
  1.20000E+04  1.22000E+04  1.24000E+04  1.26000E+04  1.28000E+04  1.30000E+04
  1.32000E+04  1.34000E+04  1.36000E+04  1.38000E+04  1.40000E+04  1.42000E+04
  1.44000E+04  1.46000E+04  1.48000E+04  1.50000E+04  1.52000E+04  1.54000E+04
  1.56000E+04  1.58000E+04  1.60000E+04  1.62000E+04  1.64000E+04  1.66000E+04
  1.68000E+04  1.70000E+04  1.72000E+04  1.74000E+04  1.76000E+04  1.78000E+04
  1.80000E+04  1.82000E+04  1.84000E+04  1.86000E+04  1.88000E+04  1.90000E+04
  1.92000E+04  1.94000E+04  1.96000E+04  1.98000E+04  2.00000E+04  2.02000E+04
  2.04000E+04  2.06000E+04  2.08000E+04  2.10000E+04  2.12000E+04  2.14000E+04
  2.16000E+04  2.18000E+04  2.20000E+04  2.22000E+04  2.24000E+04  2.26000E+04
  2.28000E+04  2.30000E+04  2.32000E+04  2.34000E+04  2.36000E+04  2.38000E+04
  2.40000E+04  2.42000E+04  2.44000E+04  2.46000E+04  2.48000E+04  2.50000E+04
  2.52000E+04  2.54000E+04  2.56000E+04  2.58000E+04  2.60000E+04  2.62000E+04
  2.64000E+04  2.66000E+04  2.68000E+04  2.70000E+04  2.72000E+04  2.74000E+04
  2.76000E+04  2.78000E+04  2.80000E+04  2.82000E+04  2.84000E+04  2.86000E+04
  2.88000E+04  2.90000E+04  2.92000E+04  2.94000E+04  2.96000E+04  2.98000E+04
  3.00000E+04  3.02000E+04  3.04000E+04  3.06000E+04  3.08000E+04  3.10000E+04
  3.12000E+04  3.14000E+04  3.16000E+04  3.18000E+04  3.20000E+04  3.22000E+04
  3.24000E+04  3.26000E+04  3.28000E+04  3.30000E+04  3.32000E+04  3.34000E+04
  3.36000E+04  3.38000E+04  3.40000E+04  3.42000E+04  3.44000E+04  3.46000E+04
  3.48000E+04  3.50000E+04  3.52000E+04  3.54000E+04  3.56000E+04  3.58000E+04
  3.60000E+04  3.62000E+04  3.64000E+04  3.66000E+04  3.68000E+04  3.70000E+04
  3.72000E+04  3.74000E+04  3.76000E+04  3.78000E+04  3.80000E+04  3.82000E+04
  3.84000E+04  3.86000E+04  3.88000E+04  3.90000E+04  3.92000E+04  3.94000E+04
  3.96000E+04  3.98000E+04  4.00000E+04  4.02000E+04  4.04000E+04  4.06000E+04
  4.08000E+04  4.10000E+04  4.12000E+04  4.14000E+04  4.16000E+04  4.18000E+04
  4.20000E+04  4.22000E+04  4.24000E+04  4.26000E+04  4.28000E+04  4.30000E+04
  4.32000E+04  4.34000E+04  4.36000E+04  4.38000E+04  4.40000E+04  4.42000E+04
  4.44000E+04  4.46000E+04  4.48000E+04  4.50000E+04  4.52000E+04  4.54000E+04
  4.56000E+04  4.58000E+04  4.60000E+04  4.62000E+04  4.64000E+04  4.66000E+04
  4.68000E+04  4.70000E+04  4.72000E+04  4.74000E+04  4.76000E+04  4.78000E+04
  4.80000E+04  4.82000E+04  4.84000E+04  4.86000E+04  4.88000E+04  4.90000E+04
  4.92000E+04  4.94000E+04  4.96000E+04  4.98000E+04  5.00000E+04  5.02000E+04
  5.04000E+04  5.06000E+04  5.08000E+04  5.10000E+04  5.12000E+04  5.14000E+04
  5.16000E+04  5.18000E+04  5.20000E+04  5.22000E+04  5.24000E+04  5.26000E+04
  5.28000E+04  5.30000E+04  5.32000E+04  5.34000E+04  5.36000E+04  5.38000E+04
  5.40000E+04  5.42000E+04  5.44000E+04  5.46000E+04  5.48000E+04  5.50000E+04
  5.52000E+04  5.54000E+04  5.56000E+04  5.58000E+04  5.60000E+04  5.62000E+04
  5.64000E+04  5.66000E+04  5.68000E+04  5.70000E+04  5.72000E+04  5.74000E+04
  5.76000E+04  5.78000E+04  5.80000E+04  5.82000E+04  5.84000E+04  5.86000E+04
  5.88000E+04  5.90000E+04  5.92000E+04  5.94000E+04  5.96000E+04  5.98000E+04
  6.00000E+04  6.10000E+04  6.20000E+04  6.30000E+04  6.40000E+04  6.50000E+04
  6.60000E+04  6.70000E+04  6.80000E+04  6.90000E+04  7.00000E+04  7.10000E+04
  7.20000E+04  7.30000E+04  7.40000E+04  7.50000E+04  7.60000E+04  7.70000E+04
  7.80000E+04  7.90000E+04  8.00000E+04  8.10000E+04  8.20000E+04  8.30000E+04
  8.40000E+04  8.50000E+04  8.60000E+04  8.70000E+04  8.80000E+04  8.90000E+04
  9.00000E+04  9.10000E+04  9.20000E+04  9.30000E+04  9.40000E+04  9.50000E+04
  9.60000E+04  9.70000E+04  9.80000E+04  9.90000E+04  1.00000E+05
vals
  0.00000E+00 0.0000  0.00000E+00 0.0000  0.00000E+00 0.0000  0.00000E+00 0.0000
  0.00000E+00 0.0000  0.00000E+00 0.0000  0.00000E+00 0.0000  0.00000E+00 0.0000
  0.00000E+00 0.0000  0.00000E+00 0.0000  0.00000E+00 0.0000  0.00000E+00 0.0000
  0.00000E+00 0.0000  0.00000E+00 0.0000  0.00000E+00 0.0000  0.00000E+00 0.0000
  0.00000E+00 0.0000  0.00000E+00 0.0000  0.00000E+00 0.0000  0.00000E+00 0.0000
  0.00000E+00 0.0000  0.00000E+00 0.0000  0.00000E+00 0.0000  0.00000E+00 0.0000
  0.00000E+00 0.0000  9.19487E-20 0.7098  3.61929E-19 0.5842  1.06903E-18 0.4187
  4.00549E-19 0.4038  5.76719E-19 0.3732  1.98021E-18 0.2143  2.47587E-18 0.3601
  3.26135E-18 0.2205  2.17745E-18 0.1775  1.17171E-17 0.5190  6.65427E-18 0.1338
  1.21684E-17 0.1356  1.17959E-17 0.1965  1.29189E-17 0.1605  1.31198E-17 0.2621
  1.07021E-17 0.1305  1.34013E-17 0.1518  9.73923E-18 0.1287  1.04540E-17 0.1224
  1.04192E-17 0.1326  1.04570E-17 0.1931  8.80612E-18 0.1074  1.68083E-17 0.1599
  1.41610E-17 0.1529  1.20203E-17 0.1042  2.42003E-17 0.2657  2.14663E-17 0.2223
  1.63190E-17 0.1477  2.60292E-17 0.2169  3.11733E-17 0.1792  2.20212E-17 0.1358
  2.62301E-17 0.1738  2.47638E-17 0.1349  2.43165E-17 0.0985  2.52053E-17 0.1187
  2.23135E-17 0.0800  2.85052E-17 0.1153  2.55832E-17 0.1081  2.56050E-17 0.1013
  3.06820E-17 0.1850  2.45863E-17 0.1416  2.88892E-17 0.1361  2.54368E-17 0.1179
  2.71387E-17 0.1518  3.19132E-17 0.1504  3.26507E-17 0.1328  2.77785E-17 0.1184
  2.56729E-17 0.0801  3.07028E-17 0.0980  2.93635E-17 0.0923  3.62468E-17 0.0988
  2.56432E-17 0.0806  3.17896E-17 0.1422  2.83054E-17 0.0835  3.09873E-17 0.1010
  2.37489E-17 0.0714  3.33390E-17 0.0940  2.79079E-17 0.0898  2.66593E-17 0.0761
  3.66045E-17 0.1357  3.12298E-17 0.0936  3.12153E-17 0.0948  3.31948E-17 0.1374
  3.08836E-17 0.1039  3.05437E-17 0.0847  3.94613E-17 0.1213  2.91694E-17 0.0854
  3.16418E-17 0.0743  3.71140E-17 0.1376  4.34669E-17 0.1987  3.48223E-17 0.0892
  3.39142E-17 0.1139  3.09810E-17 0.1082  2.85906E-17 0.0784  3.78955E-17 0.1431
  3.07850E-17 0.0921  3.30955E-17 0.1260  3.60051E-17 0.1053  3.18893E-17 0.0923
  2.97676E-17 0.0905  3.33719E-17 0.1179  3.04271E-17 0.0859  3.25359E-17 0.0996
  4.00403E-17 0.1579  3.07363E-17 0.0796  3.73126E-17 0.1496  3.71096E-17 0.1623
  3.00521E-17 0.1124  3.20582E-17 0.1135  3.63478E-17 0.1010  3.25262E-17 0.1039
  3.41119E-17 0.1134  4.78298E-17 0.1926  3.05722E-17 0.1087  4.20798E-17 0.1661
  3.12115E-17 0.2204  2.96703E-17 0.1001  3.40095E-17 0.1382  3.16100E-17 0.0805
  3.43934E-17 0.1210  3.24472E-17 0.2028  2.95447E-17 0.1572  2.88758E-17 0.1173
  2.91617E-17 0.0970  3.14386E-17 0.2858  3.17745E-17 0.2072  3.24909E-17 0.1933
  3.96749E-17 0.1682  3.22387E-17 0.1747  2.89018E-17 0.0978  2.88612E-17 0.1117
  3.11809E-17 0.1157  2.71489E-17 0.1190  2.58959E-17 0.1124  3.23829E-17 0.1433
  2.85715E-17 0.1425  2.96170E-17 0.1328  3.07429E-17 0.1611  2.61267E-17 0.1100
  2.49996E-17 0.1105  2.74568E-17 0.1085  2.95606E-17 0.1220  3.21015E-17 0.1509
  2.69885E-17 0.1052  2.26289E-17 0.1065  1.94836E-17 0.0822  2.51982E-17 0.1326
  2.39717E-17 0.1002  2.38910E-17 0.1130  2.49247E-17 0.1199  2.51242E-17 0.1403
  2.23508E-17 0.1046  2.76112E-17 0.2198  2.27085E-17 0.1020  1.92277E-17 0.0977
  2.26510E-17 0.1790  2.40092E-17 0.1039  1.82191E-17 0.0996  2.16239E-17 0.1161
  2.56409E-17 0.1798  2.17264E-17 0.1083  2.11760E-17 0.0899  2.69533E-17 0.1617
  2.17313E-17 0.1422  1.88703E-17 0.1056  2.47147E-17 0.1293  2.80757E-17 0.2078
  2.58737E-17 0.1397  1.99139E-17 0.1188  1.97071E-17 0.1244  2.16722E-17 0.1371
  2.54078E-17 0.1458  1.77824E-17 0.1136  2.26951E-17 0.1115  2.42654E-17 0.1666
  2.19960E-17 0.1313  2.01544E-17 0.1145  2.56017E-17 0.2620  2.24364E-17 0.1838
  2.39929E-17 0.2026  1.83004E-17 0.1126  2.01588E-17 0.1454  1.73984E-17 0.1106
  1.90161E-17 0.1160  2.73934E-17 0.1538  1.75362E-17 0.0985  1.72782E-17 0.1177
  1.82984E-17 0.1114  1.73626E-17 0.1429  1.85318E-17 0.1010  1.56403E-17 0.0985
  1.77098E-17 0.1750  2.18639E-17 0.1377  2.16676E-17 0.1037  1.63986E-17 0.1653
  1.65455E-17 0.1284  1.81169E-17 0.1387  1.63810E-17 0.1075  1.97532E-17 0.1988
  1.40796E-17 0.0963  1.77428E-17 0.1135  1.65018E-17 0.0962  2.17843E-17 0.2035
  1.53266E-17 0.1468  1.46600E-17 0.1033  1.97208E-17 0.1677  2.27689E-17 0.1968
  1.54350E-17 0.1205  1.79611E-17 0.1399  2.24538E-17 0.1758  1.68417E-17 0.1191
  1.37834E-17 0.1342  1.84008E-17 0.1146  1.40440E-17 0.1158  2.08776E-17 0.1986
  1.66988E-17 0.1215  1.45938E-17 0.1321  1.40618E-17 0.1136  1.56142E-17 0.1662
  1.32799E-17 0.1075  1.27462E-17 0.1089  1.52442E-17 0.1041  1.49078E-17 0.1538
  1.09785E-17 0.1097  1.50962E-17 0.1890  1.79871E-17 0.2490  2.12865E-17 0.2939
  1.86557E-17 0.2273  1.43290E-17 0.1248  1.40630E-17 0.1192  2.09622E-17 0.2477
  1.46207E-17 0.1281  1.50002E-17 0.1476  1.72536E-17 0.1850  1.43845E-17 0.1718
  1.27990E-17 0.1257  1.41888E-17 0.1378  1.76484E-17 0.1831  1.84502E-17 0.3610
  1.79937E-17 0.1667  1.15995E-17 0.1348  1.22339E-17 0.1175  1.06063E-17 0.1225
  1.27199E-17 0.1269  1.31447E-17 0.1963  1.38057E-17 0.1537  1.44259E-17 0.1214
  1.75948E-17 0.3115  1.55227E-17 0.2300  1.30514E-17 0.1236  1.31348E-17 0.1228
  1.12756E-17 0.1295  1.40201E-17 0.1671  1.29781E-17 0.1296  1.24421E-17 0.2372
  8.61967E-18 0.1125  1.22610E-17 0.1433  1.72503E-17 0.2884  8.50515E-18 0.1444
  9.97725E-18 0.1258  1.68320E-17 0.2451  1.15852E-17 0.1302  1.52008E-17 0.1560
  1.27692E-17 0.1359  9.76617E-18 0.1305  1.10203E-17 0.1302  9.04398E-18 0.1509
  1.23482E-17 0.1596  6.31079E-18 0.1120  1.09315E-17 0.1211  1.08227E-17 0.1377
  1.22978E-17 0.1368  1.22425E-17 0.1235  7.57657E-18 0.1207  8.92419E-18 0.1163
  1.24010E-17 0.1333  1.03312E-17 0.1173  1.28884E-17 0.1795  1.19886E-17 0.1880
  1.09578E-17 0.1193  7.80577E-18 0.1169  1.05557E-17 0.1465  9.84415E-18 0.1694
  1.09380E-17 0.1335  9.03033E-18 0.1626  1.28539E-17 0.2607  1.01093E-17 0.1642
  1.01979E-17 0.1343  1.02076E-17 0.1256  8.71767E-18 0.1374  8.87910E-18 0.1416
  9.35271E-18 0.1298  8.99618E-18 0.1565  9.29489E-18 0.1299  9.37336E-18 0.1315
  1.03746E-17 0.1494  4.91371E-17 0.0699  4.90779E-17 0.0748  4.32129E-17 0.0998
  4.84274E-17 0.1347  4.20419E-17 0.0772  4.99903E-17 0.1126  4.54950E-17 0.0959
  4.09484E-17 0.0757  3.89137E-17 0.0717  3.04367E-17 0.0723  3.60105E-17 0.1079
  4.34839E-17 0.1019  3.79607E-17 0.0853  3.27431E-17 0.1055  4.60212E-17 0.3190
  3.46406E-17 0.1024  3.10466E-17 0.0765  3.09774E-17 0.0824  3.00610E-17 0.0877
  2.96060E-17 0.0788  2.96125E-17 0.0876  3.03523E-17 0.0956  2.82264E-17 0.0958
  2.90267E-17 0.1265  2.34132E-17 0.0821  2.58068E-17 0.0705  3.12106E-17 0.0932
  2.93531E-17 0.1173  3.30376E-17 0.1319  2.87589E-17 0.0951  3.08560E-17 0.1476
  2.53314E-17 0.1713  2.20505E-17 0.0969  2.92604E-17 0.1501  2.58644E-17 0.1072
  3.56012E-17 0.1329  2.61463E-17 0.1045  1.95969E-17 0.0864  2.28159E-17 0.0994
  2.18242E-17 0.1117  7.06028E-15 0.0186
tfc    4       1       1       1       1       1       1       1     342
     500000  6.99933E-15  3.68584E-02  4.22820E+00
    1000000  7.02821E-15  2.66678E-02  4.06130E+00
    1500000  6.99368E-15  2.16655E-02  4.09790E+00
    2000000  7.06028E-15  1.85839E-02  4.14851E+00
