mcnp       6     06/26/14 10:45:28     4         2000000     24580294673
 simple nested dxtran test for air transport                                    
ntal     1
    1
tally    1                   -1    0    0
 1 0 0 0 0 0 0 0 0 0 0 0 0 0 0 0 0 0 0 0 0 0 0 0 0 0 0 0 0 0 0 0 0 0 0 0 0
f        1
      1
d        1
u        0
s        0
m        0
c        0
e        0
tt     342
  0.00000E+00  2.00000E+02  4.00000E+02  6.00000E+02  8.00000E+02  1.00000E+03
  1.20000E+03  1.40000E+03  1.60000E+03  1.80000E+03  2.00000E+03  2.20000E+03
  2.40000E+03  2.60000E+03  2.80000E+03  3.00000E+03  3.20000E+03  3.40000E+03
  3.60000E+03  3.80000E+03  4.00000E+03  4.20000E+03  4.40000E+03  4.60000E+03
  4.80000E+03  5.00000E+03  5.20000E+03  5.40000E+03  5.60000E+03  5.80000E+03
  6.00000E+03  6.20000E+03  6.40000E+03  6.60000E+03  6.80000E+03  7.00000E+03
  7.20000E+03  7.40000E+03  7.60000E+03  7.80000E+03  8.00000E+03  8.20000E+03
  8.40000E+03  8.60000E+03  8.80000E+03  9.00000E+03  9.20000E+03  9.40000E+03
  9.60000E+03  9.80000E+03  1.00000E+04  1.02000E+04  1.04000E+04  1.06000E+04
  1.08000E+04  1.10000E+04  1.12000E+04  1.14000E+04  1.16000E+04  1.18000E+04
  1.20000E+04  1.22000E+04  1.24000E+04  1.26000E+04  1.28000E+04  1.30000E+04
  1.32000E+04  1.34000E+04  1.36000E+04  1.38000E+04  1.40000E+04  1.42000E+04
  1.44000E+04  1.46000E+04  1.48000E+04  1.50000E+04  1.52000E+04  1.54000E+04
  1.56000E+04  1.58000E+04  1.60000E+04  1.62000E+04  1.64000E+04  1.66000E+04
  1.68000E+04  1.70000E+04  1.72000E+04  1.74000E+04  1.76000E+04  1.78000E+04
  1.80000E+04  1.82000E+04  1.84000E+04  1.86000E+04  1.88000E+04  1.90000E+04
  1.92000E+04  1.94000E+04  1.96000E+04  1.98000E+04  2.00000E+04  2.02000E+04
  2.04000E+04  2.06000E+04  2.08000E+04  2.10000E+04  2.12000E+04  2.14000E+04
  2.16000E+04  2.18000E+04  2.20000E+04  2.22000E+04  2.24000E+04  2.26000E+04
  2.28000E+04  2.30000E+04  2.32000E+04  2.34000E+04  2.36000E+04  2.38000E+04
  2.40000E+04  2.42000E+04  2.44000E+04  2.46000E+04  2.48000E+04  2.50000E+04
  2.52000E+04  2.54000E+04  2.56000E+04  2.58000E+04  2.60000E+04  2.62000E+04
  2.64000E+04  2.66000E+04  2.68000E+04  2.70000E+04  2.72000E+04  2.74000E+04
  2.76000E+04  2.78000E+04  2.80000E+04  2.82000E+04  2.84000E+04  2.86000E+04
  2.88000E+04  2.90000E+04  2.92000E+04  2.94000E+04  2.96000E+04  2.98000E+04
  3.00000E+04  3.02000E+04  3.04000E+04  3.06000E+04  3.08000E+04  3.10000E+04
  3.12000E+04  3.14000E+04  3.16000E+04  3.18000E+04  3.20000E+04  3.22000E+04
  3.24000E+04  3.26000E+04  3.28000E+04  3.30000E+04  3.32000E+04  3.34000E+04
  3.36000E+04  3.38000E+04  3.40000E+04  3.42000E+04  3.44000E+04  3.46000E+04
  3.48000E+04  3.50000E+04  3.52000E+04  3.54000E+04  3.56000E+04  3.58000E+04
  3.60000E+04  3.62000E+04  3.64000E+04  3.66000E+04  3.68000E+04  3.70000E+04
  3.72000E+04  3.74000E+04  3.76000E+04  3.78000E+04  3.80000E+04  3.82000E+04
  3.84000E+04  3.86000E+04  3.88000E+04  3.90000E+04  3.92000E+04  3.94000E+04
  3.96000E+04  3.98000E+04  4.00000E+04  4.02000E+04  4.04000E+04  4.06000E+04
  4.08000E+04  4.10000E+04  4.12000E+04  4.14000E+04  4.16000E+04  4.18000E+04
  4.20000E+04  4.22000E+04  4.24000E+04  4.26000E+04  4.28000E+04  4.30000E+04
  4.32000E+04  4.34000E+04  4.36000E+04  4.38000E+04  4.40000E+04  4.42000E+04
  4.44000E+04  4.46000E+04  4.48000E+04  4.50000E+04  4.52000E+04  4.54000E+04
  4.56000E+04  4.58000E+04  4.60000E+04  4.62000E+04  4.64000E+04  4.66000E+04
  4.68000E+04  4.70000E+04  4.72000E+04  4.74000E+04  4.76000E+04  4.78000E+04
  4.80000E+04  4.82000E+04  4.84000E+04  4.86000E+04  4.88000E+04  4.90000E+04
  4.92000E+04  4.94000E+04  4.96000E+04  4.98000E+04  5.00000E+04  5.02000E+04
  5.04000E+04  5.06000E+04  5.08000E+04  5.10000E+04  5.12000E+04  5.14000E+04
  5.16000E+04  5.18000E+04  5.20000E+04  5.22000E+04  5.24000E+04  5.26000E+04
  5.28000E+04  5.30000E+04  5.32000E+04  5.34000E+04  5.36000E+04  5.38000E+04
  5.40000E+04  5.42000E+04  5.44000E+04  5.46000E+04  5.48000E+04  5.50000E+04
  5.52000E+04  5.54000E+04  5.56000E+04  5.58000E+04  5.60000E+04  5.62000E+04
  5.64000E+04  5.66000E+04  5.68000E+04  5.70000E+04  5.72000E+04  5.74000E+04
  5.76000E+04  5.78000E+04  5.80000E+04  5.82000E+04  5.84000E+04  5.86000E+04
  5.88000E+04  5.90000E+04  5.92000E+04  5.94000E+04  5.96000E+04  5.98000E+04
  6.00000E+04  6.10000E+04  6.20000E+04  6.30000E+04  6.40000E+04  6.50000E+04
  6.60000E+04  6.70000E+04  6.80000E+04  6.90000E+04  7.00000E+04  7.10000E+04
  7.20000E+04  7.30000E+04  7.40000E+04  7.50000E+04  7.60000E+04  7.70000E+04
  7.80000E+04  7.90000E+04  8.00000E+04  8.10000E+04  8.20000E+04  8.30000E+04
  8.40000E+04  8.50000E+04  8.60000E+04  8.70000E+04  8.80000E+04  8.90000E+04
  9.00000E+04  9.10000E+04  9.20000E+04  9.30000E+04  9.40000E+04  9.50000E+04
  9.60000E+04  9.70000E+04  9.80000E+04  9.90000E+04  1.00000E+05
vals
  0.00000E+00 0.0000  0.00000E+00 0.0000  0.00000E+00 0.0000  0.00000E+00 0.0000
  0.00000E+00 0.0000  0.00000E+00 0.0000  0.00000E+00 0.0000  0.00000E+00 0.0000
  0.00000E+00 0.0000  0.00000E+00 0.0000  0.00000E+00 0.0000  0.00000E+00 0.0000
  0.00000E+00 0.0000  0.00000E+00 0.0000  0.00000E+00 0.0000  0.00000E+00 0.0000
  0.00000E+00 0.0000  0.00000E+00 0.0000  0.00000E+00 0.0000  0.00000E+00 0.0000
  0.00000E+00 0.0000  4.19650E-20 1.0000  0.00000E+00 0.0000  0.00000E+00 0.0000
  2.71014E-19 0.6191  3.78124E-19 0.8091  2.92211E-19 0.4818  2.48542E-19 0.5736
  5.93895E-19 0.6788  1.52863E-18 0.6547  4.75884E-18 0.4615  6.58780E-18 0.2854
  5.14062E-18 0.2967  4.49705E-18 0.1944  4.53005E-18 0.1860  8.27329E-18 0.2072
  1.79938E-17 0.1540  1.56410E-17 0.2403  1.46780E-17 0.1976  1.59790E-17 0.2024
  1.31024E-17 0.1392  1.36997E-17 0.1831  1.36033E-17 0.1555  1.12713E-17 0.1733
  1.07149E-17 0.1195  1.78057E-17 0.1611  1.03326E-17 0.1154  1.03442E-17 0.1075
  2.18165E-17 0.2753  1.64916E-17 0.1155  2.43959E-17 0.3942  1.69514E-17 0.0975
  1.63234E-17 0.0994  1.85374E-17 0.1008  2.01573E-17 0.0922  1.92476E-17 0.0825
  1.92622E-17 0.0893  2.03517E-17 0.1034  2.10797E-17 0.0885  2.42824E-17 0.0886
  2.10040E-17 0.0760  2.61212E-17 0.1037  2.75478E-17 0.1209  2.73420E-17 0.1927
  2.71015E-17 0.1084  2.71260E-17 0.1363  2.92240E-17 0.1408  2.96476E-17 0.1127
  2.72540E-17 0.1010  2.50082E-17 0.0899  3.20726E-17 0.1264  4.16158E-17 0.2483
  3.88659E-17 0.2283  2.59640E-17 0.1032  2.80208E-17 0.0952  2.85659E-17 0.1059
  3.38412E-17 0.1436  3.30260E-17 0.0821  7.19436E-17 0.5249  3.23698E-17 0.1094
  5.83893E-17 0.2868  3.82812E-17 0.2161  3.71367E-17 0.1053  4.42582E-17 0.1325
  2.76339E-17 0.0739  4.45745E-17 0.3409  3.17993E-17 0.1089  4.79497E-17 0.2492
  3.51093E-17 0.1314  3.15708E-17 0.1704  3.19321E-17 0.0904  3.03092E-17 0.0981
  3.78676E-17 0.0918  3.24610E-17 0.0891  3.75227E-17 0.1206  2.96323E-17 0.0768
  3.49751E-17 0.1520  3.72359E-17 0.1108  4.77142E-17 0.1906  3.65061E-17 0.1379
  2.99535E-17 0.0892  3.31704E-17 0.1085  3.21407E-17 0.0794  4.20039E-17 0.1338
  3.98937E-17 0.1773  3.23730E-17 0.0856  3.73946E-17 0.1229  2.97022E-17 0.0814
  3.46215E-17 0.1236  3.15974E-17 0.1049  3.66741E-17 0.1067  3.06993E-17 0.0973
  3.32192E-17 0.1196  2.73692E-17 0.0722  3.05084E-17 0.0804  3.14378E-17 0.1026
  3.08574E-17 0.0868  3.40630E-17 0.0881  2.69931E-17 0.0810  3.22917E-17 0.1471
  4.24072E-17 0.1779  3.05462E-17 0.1146  2.82080E-17 0.1152  3.13056E-17 0.1207
  2.76655E-17 0.1028  3.04230E-17 0.1170  3.05181E-17 0.0924  3.26961E-17 0.1818
  3.06703E-17 0.1086  2.49096E-17 0.1216  2.60165E-17 0.0781  2.87245E-17 0.1664
  2.91741E-17 0.1325  2.71031E-17 0.1622  2.58620E-17 0.1117  2.63442E-17 0.1075
  3.03599E-17 0.1197  2.96289E-17 0.0926  2.79746E-17 0.0972  2.76651E-17 0.1667
  2.88522E-17 0.0975  2.48683E-17 0.0915  4.07088E-17 0.4370  2.77935E-17 0.1214
  3.40306E-17 0.1387  3.17231E-17 0.1478  2.72993E-17 0.1514  2.91099E-17 0.1722
  2.70555E-17 0.1114  3.56762E-17 0.1605  2.88340E-17 0.2454  2.62256E-17 0.1477
  2.49921E-17 0.0956  2.26160E-17 0.1020  2.53348E-17 0.0886  2.23465E-17 0.1124
  2.44821E-17 0.1033  3.02571E-17 0.1831  2.57794E-17 0.1077  2.42274E-17 0.1018
  2.67325E-17 0.1362  2.59596E-17 0.1003  2.13441E-17 0.1340  2.28749E-17 0.1076
  2.05141E-17 0.0966  2.29393E-17 0.0930  2.36674E-17 0.2118  2.37001E-17 0.1023
  1.79502E-17 0.0998  1.83653E-17 0.0926  2.58028E-17 0.1274  2.63696E-17 0.1545
  2.40778E-17 0.1096  1.67234E-17 0.1257  2.50255E-17 0.1474  2.01058E-17 0.1031
  2.13217E-17 0.2123  1.81167E-17 0.0944  1.78272E-17 0.0940  1.92657E-17 0.1059
  2.84946E-17 0.1917  1.90093E-17 0.1918  2.09806E-17 0.1108  2.15241E-17 0.1123
  4.71149E-17 0.6287  3.00695E-17 0.1820  2.06927E-17 0.1097  2.59647E-17 0.1957
  2.54215E-17 0.1807  2.44832E-17 0.1387  2.13830E-17 0.1342  2.15827E-17 0.1179
  2.42644E-17 0.3132  2.38869E-17 0.3079  1.77036E-17 0.1157  1.78136E-17 0.1152
  1.54077E-17 0.1087  1.44630E-17 0.1137  1.72316E-17 0.1149  1.65713E-17 0.1062
  2.47643E-17 0.1896  1.55925E-17 0.1039  1.58833E-17 0.1023  1.66321E-17 0.1171
  1.64458E-17 0.1312  2.09478E-17 0.1866  2.25192E-17 0.1551  2.23111E-17 0.1700
  2.02062E-17 0.1300  1.63251E-17 0.1307  1.82630E-17 0.1924  1.64991E-17 0.1160
  1.89228E-17 0.1489  1.46572E-17 0.0982  1.93229E-17 0.1944  1.71637E-17 0.1404
  1.44404E-17 0.1375  1.43723E-17 0.0952  1.47682E-17 0.1332  3.32463E-17 0.5309
  1.73316E-17 0.1174  1.69949E-17 0.1257  1.60831E-17 0.1493  1.64117E-17 0.2393
  1.89133E-17 0.2204  1.75456E-17 0.1891  1.48758E-17 0.1199  1.56005E-17 0.1589
  1.17209E-17 0.0940  1.41558E-17 0.1539  1.80275E-17 0.1157  1.14143E-17 0.1196
  2.24327E-17 0.3312  1.39756E-17 0.1028  1.35215E-17 0.1454  1.39569E-17 0.1111
  1.23102E-17 0.1284  1.65015E-17 0.1641  1.44493E-17 0.2404  1.64557E-17 0.3282
  1.24939E-17 0.1386  1.35935E-17 0.1339  1.65122E-17 0.1669  1.28783E-17 0.1415
  1.37435E-17 0.1307  1.26301E-17 0.1124  1.96794E-17 0.2962  1.39409E-17 0.1267
  1.43763E-17 0.1288  1.14358E-17 0.1606  1.62607E-17 0.1960  1.43746E-17 0.1343
  1.38579E-17 0.1229  1.14691E-17 0.1200  1.33168E-17 0.1287  3.18450E-17 0.4977
  1.07492E-17 0.1085  1.39058E-17 0.1358  9.18395E-18 0.1063  1.07909E-17 0.1427
  1.17562E-17 0.1341  1.20641E-17 0.1848  1.46602E-17 0.1999  1.14101E-17 0.1163
  1.39241E-17 0.1282  1.31326E-17 0.1539  1.36202E-17 0.1617  1.32769E-17 0.1764
  9.88571E-18 0.1302  9.80575E-18 0.1054  1.27566E-17 0.1888  1.36235E-17 0.2318
  1.27341E-17 0.1578  1.41587E-17 0.3429  1.41298E-17 0.1846  1.25764E-17 0.1815
  8.75107E-18 0.1194  1.29012E-17 0.2434  1.15972E-17 0.1435  1.27332E-17 0.1352
  8.75723E-18 0.1447  1.45310E-17 0.2274  1.13979E-17 0.1263  1.13121E-17 0.2152
  1.08708E-17 0.1543  8.85792E-18 0.1411  1.10416E-17 0.2107  1.02158E-17 0.1289
  1.15744E-17 0.1786  1.00851E-17 0.1120  1.86643E-17 0.5637  1.32848E-17 0.1575
  1.41486E-17 0.1452  9.88937E-18 0.1689  9.71727E-18 0.1615  1.26230E-17 0.1671
  7.71842E-18 0.1126  1.17273E-17 0.2267  8.89841E-18 0.1299  1.11823E-17 0.2030
  1.16454E-17 0.1810  5.10265E-17 0.0977  4.40544E-17 0.0771  4.36675E-17 0.1018
  4.23273E-17 0.0808  4.19189E-17 0.0775  4.32442E-17 0.0978  4.27708E-17 0.0766
  3.72950E-17 0.0819  4.27683E-17 0.0817  4.21212E-17 0.0943  4.38994E-17 0.0850
  3.87579E-17 0.0769  4.23730E-17 0.1305  5.44900E-17 0.3606  3.48506E-17 0.0787
  3.83574E-17 0.1694  3.39345E-17 0.0859  3.95339E-17 0.2098  3.19510E-17 0.1201
  2.90067E-17 0.1015  2.70858E-17 0.0740  3.29404E-17 0.0833  2.83908E-17 0.0770
  2.84855E-17 0.0824  3.41460E-17 0.1147  2.76308E-17 0.1018  2.40277E-17 0.0898
  2.85016E-17 0.1140  2.84708E-17 0.0889  2.39662E-17 0.1007  2.36310E-17 0.1013
  2.92116E-17 0.1118  2.30647E-17 0.0901  2.36251E-17 0.0806  3.06852E-17 0.1529
  2.75588E-17 0.2392  2.60211E-17 0.1280  2.15189E-17 0.0916  3.17282E-17 0.1457
  3.12045E-17 0.2538  7.35874E-15 0.0206
tfc    4       1       1       1       1       1       1       1     342
     500000  7.36758E-15  4.55625E-02  2.70458E+00
    1000000  7.38184E-15  2.95906E-02  3.17648E+00
    1500000  7.44229E-15  2.37023E-02  3.29954E+00
    2000000  7.35874E-15  2.06039E-02  3.28631E+00
