mcnp       6     06/26/14 12:52:48     5         2000000     24526076442
 simple nested dxtran test for air transport                                    
ntal     1
    1
tally    1                   -1    0    0
 1 0 0 0 0 0 0 0 0 0 0 0 0 0 0 0 0 0 0 0 0 0 0 0 0 0 0 0 0 0 0 0 0 0 0 0 0
f        1
      1
d        1
u        0
s        0
m        0
c        0
e        0
tt     342
  0.00000E+00  2.00000E+02  4.00000E+02  6.00000E+02  8.00000E+02  1.00000E+03
  1.20000E+03  1.40000E+03  1.60000E+03  1.80000E+03  2.00000E+03  2.20000E+03
  2.40000E+03  2.60000E+03  2.80000E+03  3.00000E+03  3.20000E+03  3.40000E+03
  3.60000E+03  3.80000E+03  4.00000E+03  4.20000E+03  4.40000E+03  4.60000E+03
  4.80000E+03  5.00000E+03  5.20000E+03  5.40000E+03  5.60000E+03  5.80000E+03
  6.00000E+03  6.20000E+03  6.40000E+03  6.60000E+03  6.80000E+03  7.00000E+03
  7.20000E+03  7.40000E+03  7.60000E+03  7.80000E+03  8.00000E+03  8.20000E+03
  8.40000E+03  8.60000E+03  8.80000E+03  9.00000E+03  9.20000E+03  9.40000E+03
  9.60000E+03  9.80000E+03  1.00000E+04  1.02000E+04  1.04000E+04  1.06000E+04
  1.08000E+04  1.10000E+04  1.12000E+04  1.14000E+04  1.16000E+04  1.18000E+04
  1.20000E+04  1.22000E+04  1.24000E+04  1.26000E+04  1.28000E+04  1.30000E+04
  1.32000E+04  1.34000E+04  1.36000E+04  1.38000E+04  1.40000E+04  1.42000E+04
  1.44000E+04  1.46000E+04  1.48000E+04  1.50000E+04  1.52000E+04  1.54000E+04
  1.56000E+04  1.58000E+04  1.60000E+04  1.62000E+04  1.64000E+04  1.66000E+04
  1.68000E+04  1.70000E+04  1.72000E+04  1.74000E+04  1.76000E+04  1.78000E+04
  1.80000E+04  1.82000E+04  1.84000E+04  1.86000E+04  1.88000E+04  1.90000E+04
  1.92000E+04  1.94000E+04  1.96000E+04  1.98000E+04  2.00000E+04  2.02000E+04
  2.04000E+04  2.06000E+04  2.08000E+04  2.10000E+04  2.12000E+04  2.14000E+04
  2.16000E+04  2.18000E+04  2.20000E+04  2.22000E+04  2.24000E+04  2.26000E+04
  2.28000E+04  2.30000E+04  2.32000E+04  2.34000E+04  2.36000E+04  2.38000E+04
  2.40000E+04  2.42000E+04  2.44000E+04  2.46000E+04  2.48000E+04  2.50000E+04
  2.52000E+04  2.54000E+04  2.56000E+04  2.58000E+04  2.60000E+04  2.62000E+04
  2.64000E+04  2.66000E+04  2.68000E+04  2.70000E+04  2.72000E+04  2.74000E+04
  2.76000E+04  2.78000E+04  2.80000E+04  2.82000E+04  2.84000E+04  2.86000E+04
  2.88000E+04  2.90000E+04  2.92000E+04  2.94000E+04  2.96000E+04  2.98000E+04
  3.00000E+04  3.02000E+04  3.04000E+04  3.06000E+04  3.08000E+04  3.10000E+04
  3.12000E+04  3.14000E+04  3.16000E+04  3.18000E+04  3.20000E+04  3.22000E+04
  3.24000E+04  3.26000E+04  3.28000E+04  3.30000E+04  3.32000E+04  3.34000E+04
  3.36000E+04  3.38000E+04  3.40000E+04  3.42000E+04  3.44000E+04  3.46000E+04
  3.48000E+04  3.50000E+04  3.52000E+04  3.54000E+04  3.56000E+04  3.58000E+04
  3.60000E+04  3.62000E+04  3.64000E+04  3.66000E+04  3.68000E+04  3.70000E+04
  3.72000E+04  3.74000E+04  3.76000E+04  3.78000E+04  3.80000E+04  3.82000E+04
  3.84000E+04  3.86000E+04  3.88000E+04  3.90000E+04  3.92000E+04  3.94000E+04
  3.96000E+04  3.98000E+04  4.00000E+04  4.02000E+04  4.04000E+04  4.06000E+04
  4.08000E+04  4.10000E+04  4.12000E+04  4.14000E+04  4.16000E+04  4.18000E+04
  4.20000E+04  4.22000E+04  4.24000E+04  4.26000E+04  4.28000E+04  4.30000E+04
  4.32000E+04  4.34000E+04  4.36000E+04  4.38000E+04  4.40000E+04  4.42000E+04
  4.44000E+04  4.46000E+04  4.48000E+04  4.50000E+04  4.52000E+04  4.54000E+04
  4.56000E+04  4.58000E+04  4.60000E+04  4.62000E+04  4.64000E+04  4.66000E+04
  4.68000E+04  4.70000E+04  4.72000E+04  4.74000E+04  4.76000E+04  4.78000E+04
  4.80000E+04  4.82000E+04  4.84000E+04  4.86000E+04  4.88000E+04  4.90000E+04
  4.92000E+04  4.94000E+04  4.96000E+04  4.98000E+04  5.00000E+04  5.02000E+04
  5.04000E+04  5.06000E+04  5.08000E+04  5.10000E+04  5.12000E+04  5.14000E+04
  5.16000E+04  5.18000E+04  5.20000E+04  5.22000E+04  5.24000E+04  5.26000E+04
  5.28000E+04  5.30000E+04  5.32000E+04  5.34000E+04  5.36000E+04  5.38000E+04
  5.40000E+04  5.42000E+04  5.44000E+04  5.46000E+04  5.48000E+04  5.50000E+04
  5.52000E+04  5.54000E+04  5.56000E+04  5.58000E+04  5.60000E+04  5.62000E+04
  5.64000E+04  5.66000E+04  5.68000E+04  5.70000E+04  5.72000E+04  5.74000E+04
  5.76000E+04  5.78000E+04  5.80000E+04  5.82000E+04  5.84000E+04  5.86000E+04
  5.88000E+04  5.90000E+04  5.92000E+04  5.94000E+04  5.96000E+04  5.98000E+04
  6.00000E+04  6.10000E+04  6.20000E+04  6.30000E+04  6.40000E+04  6.50000E+04
  6.60000E+04  6.70000E+04  6.80000E+04  6.90000E+04  7.00000E+04  7.10000E+04
  7.20000E+04  7.30000E+04  7.40000E+04  7.50000E+04  7.60000E+04  7.70000E+04
  7.80000E+04  7.90000E+04  8.00000E+04  8.10000E+04  8.20000E+04  8.30000E+04
  8.40000E+04  8.50000E+04  8.60000E+04  8.70000E+04  8.80000E+04  8.90000E+04
  9.00000E+04  9.10000E+04  9.20000E+04  9.30000E+04  9.40000E+04  9.50000E+04
  9.60000E+04  9.70000E+04  9.80000E+04  9.90000E+04  1.00000E+05
vals
  0.00000E+00 0.0000  0.00000E+00 0.0000  0.00000E+00 0.0000  0.00000E+00 0.0000
  0.00000E+00 0.0000  0.00000E+00 0.0000  0.00000E+00 0.0000  0.00000E+00 0.0000
  0.00000E+00 0.0000  0.00000E+00 0.0000  0.00000E+00 0.0000  0.00000E+00 0.0000
  0.00000E+00 0.0000  0.00000E+00 0.0000  0.00000E+00 0.0000  0.00000E+00 0.0000
  0.00000E+00 0.0000  0.00000E+00 0.0000  0.00000E+00 0.0000  0.00000E+00 0.0000
  0.00000E+00 0.0000  0.00000E+00 0.0000  4.19675E-20 1.0000  1.52585E-19 1.0000
  1.25101E-19 1.0000  3.81775E-19 0.6442  3.87312E-19 0.3748  7.69910E-19 0.3758
  1.04489E-18 0.4899  6.34763E-18 0.5446  2.44255E-18 0.3523  6.19529E-18 0.2687
  3.37890E-18 0.2163  5.58062E-18 0.1807  9.18681E-18 0.2602  9.41580E-18 0.1485
  2.24978E-17 0.3081  1.44735E-17 0.1646  1.27478E-17 0.1739  1.87533E-17 0.3795
  1.32467E-17 0.1201  1.22475E-17 0.1265  1.28138E-17 0.1667  1.15485E-17 0.1255
  1.27603E-17 0.1472  1.12722E-17 0.1375  1.02667E-17 0.1276  1.53516E-17 0.1273
  2.05182E-17 0.4035  1.31538E-17 0.1388  1.55172E-17 0.1074  1.37461E-17 0.0961
  2.22653E-17 0.2605  2.29336E-17 0.1409  2.12001E-17 0.0992  1.78205E-17 0.0737
  1.89742E-17 0.0721  2.19166E-17 0.0805  2.01574E-17 0.0961  2.23774E-17 0.0867
  2.96144E-17 0.1161  2.71674E-17 0.0936  2.15320E-17 0.0911  2.84364E-17 0.0947
  5.61849E-17 0.4816  2.91325E-17 0.1075  2.62957E-17 0.1104  3.17200E-17 0.1083
  2.73356E-17 0.0807  2.61227E-17 0.1343  2.93341E-17 0.0846  2.77260E-17 0.1111
  3.63658E-17 0.1773  2.98406E-17 0.0976  2.49944E-17 0.0704  3.06037E-17 0.0965
  3.07001E-17 0.0837  3.15269E-17 0.0996  3.49413E-17 0.1611  3.25807E-17 0.1055
  2.56872E-17 0.0699  3.15109E-17 0.1456  3.02918E-17 0.1048  3.11462E-17 0.1258
  3.18333E-17 0.0916  3.64223E-17 0.1300  3.48799E-17 0.1143  3.56069E-17 0.1086
  2.63361E-17 0.0729  3.01382E-17 0.0811  3.30660E-17 0.1041  2.83073E-17 0.0867
  3.14582E-17 0.0765  2.92391E-17 0.0965  3.46866E-17 0.1269  3.05784E-17 0.0752
  3.74568E-17 0.1027  3.28710E-17 0.1000  3.67741E-17 0.1145  3.41337E-17 0.0961
  3.44601E-17 0.1076  5.31334E-17 0.3569  3.23299E-17 0.0889  3.04545E-17 0.0903
  3.72263E-17 0.1511  3.77381E-17 0.1107  4.82389E-17 0.2872  3.08424E-17 0.1509
  3.09303E-17 0.1034  3.23112E-17 0.0787  3.51441E-17 0.0864  3.26776E-17 0.1417
  3.45013E-17 0.0915  4.00510E-17 0.1698  3.41588E-17 0.1099  3.39510E-17 0.1718
  2.69216E-17 0.0733  3.73316E-17 0.1362  3.84950E-17 0.1208  2.89960E-17 0.0990
  3.29733E-17 0.1079  3.53877E-17 0.2601  3.65466E-17 0.2263  2.59329E-17 0.0894
  2.90448E-17 0.1447  4.01542E-17 0.1956  2.64119E-17 0.1137  2.17109E-17 0.0754
  3.08972E-17 0.1619  4.60634E-17 0.4479  3.12476E-17 0.2080  2.30721E-17 0.0739
  3.89333E-17 0.1746  4.04631E-17 0.1741  3.07748E-17 0.1365  2.55289E-17 0.0964
  2.81051E-17 0.1129  3.19573E-17 0.1339  2.82117E-17 0.1181  2.56544E-17 0.0971
  2.54095E-17 0.0907  3.33915E-17 0.1221  2.84463E-17 0.2288  2.66226E-17 0.1138
  2.61102E-17 0.1545  3.27208E-17 0.1831  2.88489E-17 0.1106  3.26964E-17 0.2229
  2.38128E-17 0.1109  2.58848E-17 0.1353  2.90629E-17 0.1538  2.74034E-17 0.1589
  2.27887E-17 0.1142  2.35492E-17 0.1713  2.84017E-17 0.1939  2.55740E-17 0.1078
  2.60547E-17 0.1274  2.78759E-17 0.1020  1.86575E-17 0.0867  2.14472E-17 0.0913
  3.34272E-17 0.1636  2.49981E-17 0.1041  2.63212E-17 0.1757  2.56524E-17 0.1282
  4.75332E-17 0.4701  2.56006E-17 0.1291  1.98114E-17 0.0901  1.81428E-17 0.0987
  2.31399E-17 0.1302  1.85817E-17 0.0982  2.66280E-17 0.1574  2.47210E-17 0.1153
  2.27484E-17 0.0976  2.06209E-17 0.1181  2.26739E-17 0.1259  2.43816E-17 0.1289
  2.46721E-17 0.1776  1.90873E-17 0.0978  1.72676E-17 0.1086  1.90413E-17 0.1289
  2.39039E-17 0.1630  2.67811E-17 0.2004  1.94539E-17 0.1834  1.89939E-17 0.0930
  1.85375E-17 0.1106  1.73470E-17 0.1029  1.65027E-17 0.1289  2.24369E-17 0.2015
  1.96427E-17 0.1116  1.97686E-17 0.1177  1.61033E-17 0.1404  2.13652E-17 0.1360
  1.75024E-17 0.1373  2.11534E-17 0.1597  1.51939E-17 0.1094  2.44560E-17 0.2566
  1.32994E-17 0.0962  2.11404E-17 0.1286  1.91214E-17 0.1599  1.73519E-17 0.1010
  1.67562E-17 0.1636  1.76756E-17 0.1807  1.79398E-17 0.1200  1.59278E-17 0.1491
  1.45765E-17 0.1115  1.72717E-17 0.1759  1.39510E-17 0.1104  1.72036E-17 0.1497
  1.42431E-17 0.1024  1.68036E-17 0.1428  1.65519E-17 0.1145  1.56057E-17 0.1497
  1.82150E-17 0.1043  1.77688E-17 0.1460  1.50706E-17 0.1130  1.77221E-17 0.1608
  1.49946E-17 0.1237  1.91486E-17 0.1275  2.03750E-17 0.1689  1.25895E-17 0.1154
  2.43312E-17 0.1740  1.95451E-17 0.1772  1.36460E-17 0.1443  1.40474E-17 0.1107
  1.22608E-17 0.1041  1.83900E-17 0.1871  1.33142E-17 0.1248  1.51013E-17 0.1626
  1.26780E-17 0.0993  1.73846E-17 0.2897  1.44587E-17 0.1686  1.56815E-17 0.1132
  1.74261E-17 0.3743  1.29240E-17 0.1077  1.28012E-17 0.1290  1.04279E-17 0.1227
  1.22667E-17 0.1198  1.41447E-17 0.1611  1.56801E-17 0.1560  1.19113E-17 0.1378
  1.94602E-17 0.2035  1.11547E-17 0.1344  1.63726E-17 0.2041  1.49785E-17 0.1922
  1.07152E-17 0.1241  1.56615E-17 0.1513  1.38919E-17 0.1729  1.58030E-17 0.2396
  1.16036E-17 0.1494  1.30074E-17 0.1165  1.62626E-17 0.1364  1.00979E-17 0.1152
  1.48594E-17 0.1701  1.06146E-17 0.1497  1.16767E-17 0.1685  1.33218E-17 0.1464
  7.35710E-18 0.1049  1.01687E-17 0.1174  9.89477E-18 0.1024  1.11365E-17 0.1512
  1.48512E-17 0.1559  1.32388E-17 0.1592  1.59973E-17 0.1916  1.02930E-17 0.1103
  1.27112E-17 0.2267  1.14579E-17 0.1507  1.45669E-17 0.1762  1.17215E-17 0.1658
  1.10109E-17 0.1303  1.45619E-17 0.1953  1.18443E-17 0.1591  1.35181E-17 0.1518
  1.32330E-17 0.1313  9.09814E-18 0.1289  1.20020E-17 0.1651  8.59909E-18 0.1145
  1.35875E-17 0.1635  1.25210E-17 0.1521  1.08963E-17 0.1477  1.00965E-17 0.1858
  1.40578E-17 0.3877  1.19026E-17 0.2634  1.17975E-17 0.1662  1.03262E-17 0.1667
  9.55044E-18 0.1523  8.39285E-18 0.1517  8.60503E-18 0.1530  1.05324E-17 0.1633
  1.60741E-17 0.2887  9.01467E-18 0.1646  9.01368E-18 0.1268  1.16198E-17 0.1761
  9.46481E-18 0.1150  1.09926E-17 0.1589  9.36981E-18 0.1344  8.62426E-18 0.1237
  6.72157E-18 0.1242  8.08807E-18 0.1515  9.63397E-18 0.1604  9.04586E-18 0.1186
  7.80262E-18 0.1529  4.29104E-17 0.0651  4.36276E-17 0.0720  5.16056E-17 0.0755
  4.16628E-17 0.0741  4.64082E-17 0.1069  4.33751E-17 0.0840  4.32039E-17 0.1150
  3.99481E-17 0.0759  4.18817E-17 0.0855  4.34009E-17 0.0720  3.82290E-17 0.0740
  4.08765E-17 0.1423  3.81436E-17 0.0985  5.35287E-17 0.2315  2.87270E-17 0.0647
  3.15623E-17 0.0761  3.55149E-17 0.1227  3.33231E-17 0.0769  3.47411E-17 0.1230
  3.15506E-17 0.0849  2.88882E-17 0.0853  2.54655E-17 0.0742  2.40153E-17 0.0809
  3.21876E-17 0.0855  2.92842E-17 0.0827  2.92924E-17 0.0914  2.45341E-17 0.0905
  2.86698E-17 0.1203  2.50334E-17 0.0943  2.53149E-17 0.0885  2.84825E-17 0.1046
  2.74405E-17 0.0914  2.40846E-17 0.0826  2.85347E-17 0.1334  1.87451E-17 0.0917
  2.41214E-17 0.0978  2.22164E-17 0.0702  2.67260E-17 0.1195  2.37449E-17 0.0759
  2.44081E-17 0.1154  7.11612E-15 0.0202
tfc    4       1       1       1       1       1       1       1     342
     500000  6.76834E-15  4.12161E-02  3.29867E+00
    1000000  6.79846E-15  2.98026E-02  3.15557E+00
    1500000  7.00489E-15  2.35518E-02  3.31001E+00
    2000000  7.11612E-15  2.01610E-02  3.38303E+00
