mcnp       6     06/27/14 11:14:08     5         2000000     24403672699
 simple nested dxtran test for air transport                                    
ntal     1
    1
tally    1                   -1    0    0
 1 0 0 0 0 0 0 0 0 0 0 0 0 0 0 0 0 0 0 0 0 0 0 0 0 0 0 0 0 0 0 0 0 0 0 0 0
f        1
      1
d        1
u        0
s        0
m        0
c        0
e        0
tt     342
  0.00000E+00  2.00000E+02  4.00000E+02  6.00000E+02  8.00000E+02  1.00000E+03
  1.20000E+03  1.40000E+03  1.60000E+03  1.80000E+03  2.00000E+03  2.20000E+03
  2.40000E+03  2.60000E+03  2.80000E+03  3.00000E+03  3.20000E+03  3.40000E+03
  3.60000E+03  3.80000E+03  4.00000E+03  4.20000E+03  4.40000E+03  4.60000E+03
  4.80000E+03  5.00000E+03  5.20000E+03  5.40000E+03  5.60000E+03  5.80000E+03
  6.00000E+03  6.20000E+03  6.40000E+03  6.60000E+03  6.80000E+03  7.00000E+03
  7.20000E+03  7.40000E+03  7.60000E+03  7.80000E+03  8.00000E+03  8.20000E+03
  8.40000E+03  8.60000E+03  8.80000E+03  9.00000E+03  9.20000E+03  9.40000E+03
  9.60000E+03  9.80000E+03  1.00000E+04  1.02000E+04  1.04000E+04  1.06000E+04
  1.08000E+04  1.10000E+04  1.12000E+04  1.14000E+04  1.16000E+04  1.18000E+04
  1.20000E+04  1.22000E+04  1.24000E+04  1.26000E+04  1.28000E+04  1.30000E+04
  1.32000E+04  1.34000E+04  1.36000E+04  1.38000E+04  1.40000E+04  1.42000E+04
  1.44000E+04  1.46000E+04  1.48000E+04  1.50000E+04  1.52000E+04  1.54000E+04
  1.56000E+04  1.58000E+04  1.60000E+04  1.62000E+04  1.64000E+04  1.66000E+04
  1.68000E+04  1.70000E+04  1.72000E+04  1.74000E+04  1.76000E+04  1.78000E+04
  1.80000E+04  1.82000E+04  1.84000E+04  1.86000E+04  1.88000E+04  1.90000E+04
  1.92000E+04  1.94000E+04  1.96000E+04  1.98000E+04  2.00000E+04  2.02000E+04
  2.04000E+04  2.06000E+04  2.08000E+04  2.10000E+04  2.12000E+04  2.14000E+04
  2.16000E+04  2.18000E+04  2.20000E+04  2.22000E+04  2.24000E+04  2.26000E+04
  2.28000E+04  2.30000E+04  2.32000E+04  2.34000E+04  2.36000E+04  2.38000E+04
  2.40000E+04  2.42000E+04  2.44000E+04  2.46000E+04  2.48000E+04  2.50000E+04
  2.52000E+04  2.54000E+04  2.56000E+04  2.58000E+04  2.60000E+04  2.62000E+04
  2.64000E+04  2.66000E+04  2.68000E+04  2.70000E+04  2.72000E+04  2.74000E+04
  2.76000E+04  2.78000E+04  2.80000E+04  2.82000E+04  2.84000E+04  2.86000E+04
  2.88000E+04  2.90000E+04  2.92000E+04  2.94000E+04  2.96000E+04  2.98000E+04
  3.00000E+04  3.02000E+04  3.04000E+04  3.06000E+04  3.08000E+04  3.10000E+04
  3.12000E+04  3.14000E+04  3.16000E+04  3.18000E+04  3.20000E+04  3.22000E+04
  3.24000E+04  3.26000E+04  3.28000E+04  3.30000E+04  3.32000E+04  3.34000E+04
  3.36000E+04  3.38000E+04  3.40000E+04  3.42000E+04  3.44000E+04  3.46000E+04
  3.48000E+04  3.50000E+04  3.52000E+04  3.54000E+04  3.56000E+04  3.58000E+04
  3.60000E+04  3.62000E+04  3.64000E+04  3.66000E+04  3.68000E+04  3.70000E+04
  3.72000E+04  3.74000E+04  3.76000E+04  3.78000E+04  3.80000E+04  3.82000E+04
  3.84000E+04  3.86000E+04  3.88000E+04  3.90000E+04  3.92000E+04  3.94000E+04
  3.96000E+04  3.98000E+04  4.00000E+04  4.02000E+04  4.04000E+04  4.06000E+04
  4.08000E+04  4.10000E+04  4.12000E+04  4.14000E+04  4.16000E+04  4.18000E+04
  4.20000E+04  4.22000E+04  4.24000E+04  4.26000E+04  4.28000E+04  4.30000E+04
  4.32000E+04  4.34000E+04  4.36000E+04  4.38000E+04  4.40000E+04  4.42000E+04
  4.44000E+04  4.46000E+04  4.48000E+04  4.50000E+04  4.52000E+04  4.54000E+04
  4.56000E+04  4.58000E+04  4.60000E+04  4.62000E+04  4.64000E+04  4.66000E+04
  4.68000E+04  4.70000E+04  4.72000E+04  4.74000E+04  4.76000E+04  4.78000E+04
  4.80000E+04  4.82000E+04  4.84000E+04  4.86000E+04  4.88000E+04  4.90000E+04
  4.92000E+04  4.94000E+04  4.96000E+04  4.98000E+04  5.00000E+04  5.02000E+04
  5.04000E+04  5.06000E+04  5.08000E+04  5.10000E+04  5.12000E+04  5.14000E+04
  5.16000E+04  5.18000E+04  5.20000E+04  5.22000E+04  5.24000E+04  5.26000E+04
  5.28000E+04  5.30000E+04  5.32000E+04  5.34000E+04  5.36000E+04  5.38000E+04
  5.40000E+04  5.42000E+04  5.44000E+04  5.46000E+04  5.48000E+04  5.50000E+04
  5.52000E+04  5.54000E+04  5.56000E+04  5.58000E+04  5.60000E+04  5.62000E+04
  5.64000E+04  5.66000E+04  5.68000E+04  5.70000E+04  5.72000E+04  5.74000E+04
  5.76000E+04  5.78000E+04  5.80000E+04  5.82000E+04  5.84000E+04  5.86000E+04
  5.88000E+04  5.90000E+04  5.92000E+04  5.94000E+04  5.96000E+04  5.98000E+04
  6.00000E+04  6.10000E+04  6.20000E+04  6.30000E+04  6.40000E+04  6.50000E+04
  6.60000E+04  6.70000E+04  6.80000E+04  6.90000E+04  7.00000E+04  7.10000E+04
  7.20000E+04  7.30000E+04  7.40000E+04  7.50000E+04  7.60000E+04  7.70000E+04
  7.80000E+04  7.90000E+04  8.00000E+04  8.10000E+04  8.20000E+04  8.30000E+04
  8.40000E+04  8.50000E+04  8.60000E+04  8.70000E+04  8.80000E+04  8.90000E+04
  9.00000E+04  9.10000E+04  9.20000E+04  9.30000E+04  9.40000E+04  9.50000E+04
  9.60000E+04  9.70000E+04  9.80000E+04  9.90000E+04  1.00000E+05
vals
  0.00000E+00 0.0000  0.00000E+00 0.0000  0.00000E+00 0.0000  0.00000E+00 0.0000
  0.00000E+00 0.0000  0.00000E+00 0.0000  0.00000E+00 0.0000  0.00000E+00 0.0000
  0.00000E+00 0.0000  0.00000E+00 0.0000  0.00000E+00 0.0000  0.00000E+00 0.0000
  0.00000E+00 0.0000  0.00000E+00 0.0000  0.00000E+00 0.0000  0.00000E+00 0.0000
  0.00000E+00 0.0000  0.00000E+00 0.0000  0.00000E+00 0.0000  0.00000E+00 0.0000
  0.00000E+00 0.0000  0.00000E+00 0.0000  0.00000E+00 0.0000  0.00000E+00 0.0000
  8.39417E-20 0.7071  3.57705E-19 0.7831  7.33373E-19 0.7252  9.75471E-19 0.4247
  1.47512E-17 0.8643  7.82167E-19 0.3407  4.07413E-18 0.4313  5.20746E-18 0.4651
  3.86026E-18 0.2276  7.89011E-18 0.3093  1.02879E-17 0.3619  1.01563E-17 0.2025
  1.97778E-17 0.2063  1.46337E-17 0.1379  1.22563E-17 0.1545  1.38981E-17 0.1711
  1.28131E-17 0.1166  1.15748E-17 0.1339  1.38657E-17 0.1640  1.00322E-17 0.1540
  9.30875E-18 0.1273  1.23865E-17 0.1468  1.11091E-17 0.1128  1.76991E-17 0.2012
  1.48427E-17 0.1172  1.36028E-17 0.1107  1.57462E-17 0.1266  1.81022E-17 0.1557
  2.62153E-17 0.2009  1.58514E-17 0.0979  2.35009E-17 0.1610  2.02580E-17 0.1228
  2.48840E-17 0.1549  2.29130E-17 0.0891  2.16233E-17 0.0769  2.82318E-17 0.1903
  1.90193E-17 0.0830  2.23125E-17 0.0927  2.80025E-17 0.1477  2.75144E-17 0.0929
  2.87785E-17 0.1017  2.56818E-17 0.0783  2.69750E-17 0.1069  2.50972E-17 0.0974
  2.92363E-17 0.0833  2.92300E-17 0.2044  2.55419E-17 0.1062  2.87312E-17 0.0942
  2.79253E-17 0.0852  3.12950E-17 0.1316  3.70891E-17 0.1454  2.41343E-17 0.0663
  2.87174E-17 0.0904  2.89647E-17 0.0806  2.95226E-17 0.0981  2.99297E-17 0.0790
  3.99862E-17 0.2356  3.70320E-17 0.1466  2.79391E-17 0.0812  3.95049E-17 0.1312
  3.91215E-17 0.1074  3.75987E-17 0.2808  3.26315E-17 0.0838  3.06909E-17 0.0890
  3.23352E-17 0.0986  2.75164E-17 0.0940  3.62709E-17 0.1788  3.11170E-17 0.0914
  3.57743E-17 0.1378  3.00202E-17 0.0790  3.70254E-17 0.1059  2.93363E-17 0.0842
  3.51874E-17 0.1292  2.95530E-17 0.0853  3.88958E-17 0.2566  3.27793E-17 0.1105
  3.25090E-17 0.1035  2.93662E-17 0.1172  3.16511E-17 0.1125  3.05901E-17 0.1545
  3.25329E-17 0.1232  3.80888E-17 0.1005  3.96299E-17 0.1303  3.18474E-17 0.0976
  3.49144E-17 0.1048  3.25246E-17 0.1144  3.78395E-17 0.1386  5.23845E-17 0.2934
  3.11922E-17 0.0932  2.90225E-17 0.0820  3.34131E-17 0.1355  3.48414E-17 0.1105
  2.25073E-17 0.0769  2.98499E-17 0.0947  3.34763E-17 0.1365  3.14874E-17 0.1067
  3.25546E-17 0.0954  3.76958E-17 0.1492  3.18238E-17 0.1161  2.59731E-17 0.0853
  2.78258E-17 0.0835  3.00217E-17 0.1363  3.10775E-17 0.1006  3.18816E-17 0.1011
  3.22305E-17 0.1150  3.10225E-17 0.0945  2.82193E-17 0.0904  2.53805E-17 0.1061
  2.71589E-17 0.0875  2.93619E-17 0.0903  3.25604E-17 0.2990  2.91607E-17 0.1034
  2.86512E-17 0.1781  3.46022E-17 0.1746  3.79927E-17 0.2741  3.99299E-17 0.1372
  3.13101E-17 0.1912  3.42799E-17 0.2025  3.35321E-17 0.1277  3.11197E-17 0.1526
  3.06045E-17 0.1612  2.75979E-17 0.0949  2.73797E-17 0.1044  2.09315E-17 0.0884
  2.18926E-17 0.1038  2.63280E-17 0.1263  2.30240E-17 0.0809  2.03812E-17 0.0887
  2.84902E-17 0.1131  2.29606E-17 0.1240  2.15338E-17 0.0928  2.36037E-17 0.1470
  2.61388E-17 0.1333  2.72747E-17 0.1128  2.55427E-17 0.1530  2.98057E-17 0.1640
  2.61067E-17 0.1346  1.81978E-17 0.0866  2.27269E-17 0.1074  2.01520E-17 0.1061
  4.41628E-17 0.3565  2.31375E-17 0.1259  1.86109E-17 0.0841  2.92322E-17 0.3417
  2.95974E-17 0.2636  2.84960E-17 0.2979  2.34817E-17 0.1225  1.88895E-17 0.1137
  1.88532E-17 0.1080  1.95491E-17 0.1230  2.25941E-17 0.1290  2.35440E-17 0.1401
  1.95950E-17 0.1015  2.52559E-17 0.1954  1.91868E-17 0.1365  2.34822E-17 0.1178
  3.23208E-17 0.4132  2.45472E-17 0.1892  1.84497E-17 0.1196  2.26786E-17 0.1760
  1.79164E-17 0.1054  2.10440E-17 0.1097  1.74935E-17 0.1442  2.22292E-17 0.2409
  1.36987E-17 0.1108  1.73846E-17 0.1108  2.22362E-17 0.1460  2.14627E-17 0.1202
  2.13846E-17 0.1786  1.88550E-17 0.1471  1.90104E-17 0.1213  2.37387E-17 0.2603
  1.88331E-17 0.1074  1.54234E-17 0.1014  1.88986E-17 0.1079  1.81605E-17 0.1175
  1.83391E-17 0.1291  1.53905E-17 0.1364  1.82507E-17 0.1838  1.60340E-17 0.1244
  1.46537E-17 0.1366  1.60470E-17 0.1129  1.54248E-17 0.1089  1.53105E-17 0.1162
  1.98759E-17 0.1606  1.53223E-17 0.1209  1.47589E-17 0.1069  2.18484E-17 0.2578
  2.07692E-17 0.1659  1.26077E-17 0.1036  1.98973E-17 0.1836  1.70774E-17 0.1369
  1.41479E-17 0.1086  1.41278E-17 0.1361  1.75429E-17 0.1121  2.93342E-17 0.2599
  1.40300E-17 0.1144  1.43379E-17 0.1290  1.54562E-17 0.1202  1.86407E-17 0.1626
  1.47914E-17 0.1239  1.43455E-17 0.1022  1.45719E-17 0.1389  3.21331E-17 0.5474
  1.94584E-17 0.2018  1.27321E-17 0.1197  1.43109E-17 0.0980  1.24787E-17 0.1308
  1.47496E-17 0.1350  1.94393E-17 0.1692  1.65497E-17 0.2738  1.68382E-17 0.1679
  1.60746E-17 0.1479  2.25718E-17 0.1639  1.39764E-17 0.1179  1.18953E-17 0.1394
  1.80368E-17 0.1648  1.49623E-17 0.1750  1.59449E-17 0.1329  1.43825E-17 0.1375
  1.51732E-17 0.1482  1.18441E-17 0.1564  1.52369E-17 0.1996  1.13599E-17 0.1546
  1.06789E-17 0.1985  1.22372E-17 0.1377  1.02727E-17 0.1413  1.02448E-17 0.1639
  1.42151E-17 0.1462  1.16006E-17 0.1324  1.15034E-17 0.1279  1.01903E-17 0.1069
  1.14079E-17 0.1154  1.25239E-17 0.1215  1.17536E-17 0.1155  1.33948E-17 0.1148
  1.66145E-17 0.1494  1.12901E-17 0.1331  1.23538E-17 0.1235  8.06201E-18 0.1199
  1.11348E-17 0.1323  1.68290E-17 0.3857  1.24929E-17 0.1303  9.16966E-18 0.1177
  1.02182E-17 0.1324  1.24089E-17 0.2420  1.08769E-17 0.1424  1.57825E-17 0.2047
  9.23451E-18 0.1110  1.70166E-17 0.2723  9.53837E-18 0.1356  9.32261E-18 0.1255
  1.45038E-17 0.2085  9.70331E-18 0.1262  1.13542E-17 0.1663  1.10642E-17 0.1567
  1.28019E-17 0.1492  8.06717E-18 0.1295  9.47056E-18 0.1124  1.11217E-17 0.1551
  1.28348E-17 0.3420  1.00735E-17 0.1529  9.43741E-18 0.1221  9.42582E-18 0.1114
  8.65307E-18 0.1084  1.25367E-17 0.3496  1.12264E-17 0.2393  1.11355E-17 0.2101
  1.09292E-17 0.1420  8.95535E-18 0.1309  1.10927E-17 0.1835  8.35858E-18 0.1157
  1.06778E-17 0.1542  1.24883E-17 0.1618  8.53544E-18 0.1740  8.82142E-18 0.1403
  9.94873E-18 0.1241  5.02241E-17 0.0800  4.38773E-17 0.0669  5.21890E-17 0.1587
  4.86507E-17 0.0853  5.72025E-17 0.2973  3.67180E-17 0.0830  3.65362E-17 0.0727
  3.85778E-17 0.0676  4.63045E-17 0.0981  3.26107E-17 0.0686  3.63653E-17 0.0971
  3.11384E-17 0.0667  3.54108E-17 0.0765  3.08409E-17 0.0866  3.39364E-17 0.0748
  3.00147E-17 0.0741  3.18527E-17 0.0880  3.68625E-17 0.0871  2.89396E-17 0.0847
  3.20014E-17 0.0803  2.95390E-17 0.0794  2.76432E-17 0.0785  4.01363E-17 0.1747
  2.68387E-17 0.0851  2.74956E-17 0.1011  3.15052E-17 0.1435  2.87533E-17 0.0807
  2.60737E-17 0.0824  3.34121E-17 0.1343  3.00739E-17 0.1427  2.86870E-17 0.0885
  2.37908E-17 0.1049  2.54219E-17 0.1582  2.52105E-17 0.1411  2.39665E-17 0.1021
  2.32132E-17 0.0998  2.36535E-17 0.1095  2.07722E-17 0.0869  2.38221E-17 0.0955
  2.22700E-17 0.1023  7.10864E-15 0.0195
tfc    4       1       1       1       1       1       1       1     342
     500000  7.13709E-15  4.10934E-02  3.27444E+00
    1000000  7.17623E-15  2.80153E-02  3.49089E+00
    1500000  7.10812E-15  2.25529E-02  3.58182E+00
    2000000  7.10864E-15  1.95473E-02  3.58163E+00
