mcnp       6     06/30/14 16:14:43     5         2000000     24509954945
 simple nested dxtran test for air transport                                    
ntal     1
    1
tally    1                   -1    0    0
 1 0 0 0 0 0 0 0 0 0 0 0 0 0 0 0 0 0 0 0 0 0 0 0 0 0 0 0 0 0 0 0 0 0 0 0 0
f        1
      1
d        1
u        0
s        0
m        0
c        0
e        0
tt     342
  0.00000E+00  2.00000E+02  4.00000E+02  6.00000E+02  8.00000E+02  1.00000E+03
  1.20000E+03  1.40000E+03  1.60000E+03  1.80000E+03  2.00000E+03  2.20000E+03
  2.40000E+03  2.60000E+03  2.80000E+03  3.00000E+03  3.20000E+03  3.40000E+03
  3.60000E+03  3.80000E+03  4.00000E+03  4.20000E+03  4.40000E+03  4.60000E+03
  4.80000E+03  5.00000E+03  5.20000E+03  5.40000E+03  5.60000E+03  5.80000E+03
  6.00000E+03  6.20000E+03  6.40000E+03  6.60000E+03  6.80000E+03  7.00000E+03
  7.20000E+03  7.40000E+03  7.60000E+03  7.80000E+03  8.00000E+03  8.20000E+03
  8.40000E+03  8.60000E+03  8.80000E+03  9.00000E+03  9.20000E+03  9.40000E+03
  9.60000E+03  9.80000E+03  1.00000E+04  1.02000E+04  1.04000E+04  1.06000E+04
  1.08000E+04  1.10000E+04  1.12000E+04  1.14000E+04  1.16000E+04  1.18000E+04
  1.20000E+04  1.22000E+04  1.24000E+04  1.26000E+04  1.28000E+04  1.30000E+04
  1.32000E+04  1.34000E+04  1.36000E+04  1.38000E+04  1.40000E+04  1.42000E+04
  1.44000E+04  1.46000E+04  1.48000E+04  1.50000E+04  1.52000E+04  1.54000E+04
  1.56000E+04  1.58000E+04  1.60000E+04  1.62000E+04  1.64000E+04  1.66000E+04
  1.68000E+04  1.70000E+04  1.72000E+04  1.74000E+04  1.76000E+04  1.78000E+04
  1.80000E+04  1.82000E+04  1.84000E+04  1.86000E+04  1.88000E+04  1.90000E+04
  1.92000E+04  1.94000E+04  1.96000E+04  1.98000E+04  2.00000E+04  2.02000E+04
  2.04000E+04  2.06000E+04  2.08000E+04  2.10000E+04  2.12000E+04  2.14000E+04
  2.16000E+04  2.18000E+04  2.20000E+04  2.22000E+04  2.24000E+04  2.26000E+04
  2.28000E+04  2.30000E+04  2.32000E+04  2.34000E+04  2.36000E+04  2.38000E+04
  2.40000E+04  2.42000E+04  2.44000E+04  2.46000E+04  2.48000E+04  2.50000E+04
  2.52000E+04  2.54000E+04  2.56000E+04  2.58000E+04  2.60000E+04  2.62000E+04
  2.64000E+04  2.66000E+04  2.68000E+04  2.70000E+04  2.72000E+04  2.74000E+04
  2.76000E+04  2.78000E+04  2.80000E+04  2.82000E+04  2.84000E+04  2.86000E+04
  2.88000E+04  2.90000E+04  2.92000E+04  2.94000E+04  2.96000E+04  2.98000E+04
  3.00000E+04  3.02000E+04  3.04000E+04  3.06000E+04  3.08000E+04  3.10000E+04
  3.12000E+04  3.14000E+04  3.16000E+04  3.18000E+04  3.20000E+04  3.22000E+04
  3.24000E+04  3.26000E+04  3.28000E+04  3.30000E+04  3.32000E+04  3.34000E+04
  3.36000E+04  3.38000E+04  3.40000E+04  3.42000E+04  3.44000E+04  3.46000E+04
  3.48000E+04  3.50000E+04  3.52000E+04  3.54000E+04  3.56000E+04  3.58000E+04
  3.60000E+04  3.62000E+04  3.64000E+04  3.66000E+04  3.68000E+04  3.70000E+04
  3.72000E+04  3.74000E+04  3.76000E+04  3.78000E+04  3.80000E+04  3.82000E+04
  3.84000E+04  3.86000E+04  3.88000E+04  3.90000E+04  3.92000E+04  3.94000E+04
  3.96000E+04  3.98000E+04  4.00000E+04  4.02000E+04  4.04000E+04  4.06000E+04
  4.08000E+04  4.10000E+04  4.12000E+04  4.14000E+04  4.16000E+04  4.18000E+04
  4.20000E+04  4.22000E+04  4.24000E+04  4.26000E+04  4.28000E+04  4.30000E+04
  4.32000E+04  4.34000E+04  4.36000E+04  4.38000E+04  4.40000E+04  4.42000E+04
  4.44000E+04  4.46000E+04  4.48000E+04  4.50000E+04  4.52000E+04  4.54000E+04
  4.56000E+04  4.58000E+04  4.60000E+04  4.62000E+04  4.64000E+04  4.66000E+04
  4.68000E+04  4.70000E+04  4.72000E+04  4.74000E+04  4.76000E+04  4.78000E+04
  4.80000E+04  4.82000E+04  4.84000E+04  4.86000E+04  4.88000E+04  4.90000E+04
  4.92000E+04  4.94000E+04  4.96000E+04  4.98000E+04  5.00000E+04  5.02000E+04
  5.04000E+04  5.06000E+04  5.08000E+04  5.10000E+04  5.12000E+04  5.14000E+04
  5.16000E+04  5.18000E+04  5.20000E+04  5.22000E+04  5.24000E+04  5.26000E+04
  5.28000E+04  5.30000E+04  5.32000E+04  5.34000E+04  5.36000E+04  5.38000E+04
  5.40000E+04  5.42000E+04  5.44000E+04  5.46000E+04  5.48000E+04  5.50000E+04
  5.52000E+04  5.54000E+04  5.56000E+04  5.58000E+04  5.60000E+04  5.62000E+04
  5.64000E+04  5.66000E+04  5.68000E+04  5.70000E+04  5.72000E+04  5.74000E+04
  5.76000E+04  5.78000E+04  5.80000E+04  5.82000E+04  5.84000E+04  5.86000E+04
  5.88000E+04  5.90000E+04  5.92000E+04  5.94000E+04  5.96000E+04  5.98000E+04
  6.00000E+04  6.10000E+04  6.20000E+04  6.30000E+04  6.40000E+04  6.50000E+04
  6.60000E+04  6.70000E+04  6.80000E+04  6.90000E+04  7.00000E+04  7.10000E+04
  7.20000E+04  7.30000E+04  7.40000E+04  7.50000E+04  7.60000E+04  7.70000E+04
  7.80000E+04  7.90000E+04  8.00000E+04  8.10000E+04  8.20000E+04  8.30000E+04
  8.40000E+04  8.50000E+04  8.60000E+04  8.70000E+04  8.80000E+04  8.90000E+04
  9.00000E+04  9.10000E+04  9.20000E+04  9.30000E+04  9.40000E+04  9.50000E+04
  9.60000E+04  9.70000E+04  9.80000E+04  9.90000E+04  1.00000E+05
vals
  0.00000E+00 0.0000  0.00000E+00 0.0000  0.00000E+00 0.0000  0.00000E+00 0.0000
  0.00000E+00 0.0000  0.00000E+00 0.0000  0.00000E+00 0.0000  0.00000E+00 0.0000
  0.00000E+00 0.0000  0.00000E+00 0.0000  0.00000E+00 0.0000  0.00000E+00 0.0000
  0.00000E+00 0.0000  0.00000E+00 0.0000  0.00000E+00 0.0000  0.00000E+00 0.0000
  0.00000E+00 0.0000  0.00000E+00 0.0000  0.00000E+00 0.0000  0.00000E+00 0.0000
  0.00000E+00 0.0000  0.00000E+00 0.0000  0.00000E+00 0.0000  0.00000E+00 0.0000
  3.47222E-19 1.0000  1.67884E-19 0.5000  4.19726E-20 1.0000  1.29655E-18 0.8506
  2.97877E-19 0.4183  6.90581E-19 0.2912  1.58536E-18 0.1983  4.32280E-18 0.2472
  5.96739E-18 0.2497  4.71762E-18 0.2080  7.54333E-18 0.2382  7.99692E-18 0.1202
  1.43314E-17 0.1906  1.98444E-17 0.2258  1.79979E-17 0.1601  1.52707E-17 0.1691
  1.09363E-17 0.1049  1.12719E-17 0.1304  1.42680E-17 0.1269  8.91519E-18 0.1115
  1.20280E-17 0.0975  1.50796E-17 0.2247  1.62077E-17 0.1881  1.00916E-17 0.1119
  1.20272E-17 0.1049  2.34706E-17 0.2589  1.51635E-17 0.0892  1.83008E-17 0.0990
  1.67714E-17 0.0871  2.18442E-17 0.1066  2.83803E-17 0.1991  2.23271E-17 0.0945
  2.60222E-17 0.1523  2.49465E-17 0.1377  3.01633E-17 0.1264  2.33095E-17 0.0934
  2.86915E-17 0.1071  2.70564E-17 0.0967  2.24716E-17 0.0764  2.38161E-17 0.0858
  3.07254E-17 0.1081  3.26433E-17 0.1334  3.08262E-17 0.0998  4.46614E-17 0.4838
  2.82565E-17 0.1062  2.55893E-17 0.0992  2.87089E-17 0.0956  3.72272E-17 0.0938
  2.47405E-17 0.0686  3.14403E-17 0.0872  3.48631E-17 0.1603  2.75213E-17 0.0687
  3.16675E-17 0.0909  2.71988E-17 0.0963  3.30135E-17 0.1055  3.19950E-17 0.1024
  4.51336E-17 0.1882  4.59374E-17 0.1507  3.13349E-17 0.0757  3.71212E-17 0.1194
  3.22233E-17 0.1330  3.17526E-17 0.0771  3.74853E-17 0.1002  4.64518E-17 0.2553
  7.68602E-17 0.5601  4.39964E-17 0.1688  4.04897E-17 0.1261  4.00017E-17 0.2134
  4.01979E-17 0.1222  3.55856E-17 0.1076  4.02811E-17 0.1633  2.74402E-17 0.0887
  3.36694E-17 0.0868  4.07388E-17 0.1339  3.11025E-17 0.0933  3.32838E-17 0.0943
  3.79413E-17 0.1234  3.60468E-17 0.1203  2.98784E-17 0.1075  3.29492E-17 0.0904
  2.70614E-17 0.0773  3.02849E-17 0.0865  3.10722E-17 0.0980  3.83041E-17 0.1302
  3.45108E-17 0.1478  4.19378E-17 0.1920  3.44699E-17 0.1007  3.41151E-17 0.0804
  3.01545E-17 0.1033  3.48129E-17 0.1007  2.88976E-17 0.0729  3.29307E-17 0.1096
  3.60040E-17 0.1465  6.31890E-17 0.4154  3.74711E-17 0.1801  3.24976E-17 0.1266
  4.66210E-17 0.2037  2.75772E-17 0.0836  3.68013E-17 0.1127  3.61212E-17 0.1194
  2.62400E-17 0.1071  3.27478E-17 0.1750  2.96639E-17 0.1051  3.30078E-17 0.1667
  3.73542E-17 0.1237  3.57521E-17 0.2604  3.50728E-17 0.0962  3.27323E-17 0.1259
  3.02301E-17 0.1125  2.85762E-17 0.0969  2.69179E-17 0.0961  2.19369E-17 0.0944
  2.45815E-17 0.1059  3.08786E-17 0.1555  2.82487E-17 0.1177  2.54408E-17 0.1074
  3.34762E-17 0.1541  3.43927E-17 0.1599  2.66574E-17 0.1484  3.18947E-17 0.1243
  2.65163E-17 0.1116  3.07274E-17 0.1030  3.01164E-17 0.1656  2.67637E-17 0.1128
  2.41674E-17 0.1064  2.38860E-17 0.1073  3.66737E-17 0.2381  2.60069E-17 0.1218
  2.04785E-17 0.1111  2.93174E-17 0.1374  2.93523E-17 0.1533  3.62620E-17 0.2605
  2.40249E-17 0.1681  2.65014E-17 0.1537  2.89366E-17 0.1220  2.38318E-17 0.1248
  2.36362E-17 0.1430  2.39655E-17 0.1223  2.08939E-17 0.1205  2.28664E-17 0.1140
  2.57003E-17 0.1640  2.20636E-17 0.0977  1.95669E-17 0.1367  2.12155E-17 0.1112
  2.12036E-17 0.1257  2.60767E-17 0.1844  2.27224E-17 0.1211  3.00608E-17 0.1749
  1.70752E-17 0.1062  2.88530E-17 0.2368  2.52530E-17 0.2260  2.11591E-17 0.1379
  1.71384E-17 0.1124  1.98357E-17 0.1400  1.94301E-17 0.1301  2.61057E-17 0.1217
  1.85168E-17 0.0903  1.99692E-17 0.1252  2.47843E-17 0.1346  1.89314E-17 0.1456
  2.18500E-17 0.1024  2.19502E-17 0.1516  2.01195E-17 0.1751  1.59042E-17 0.0974
  1.66838E-17 0.1041  2.27316E-17 0.1900  2.17093E-17 0.2014  2.31540E-17 0.3258
  1.80917E-17 0.1063  2.11954E-17 0.1709  1.62960E-17 0.1347  2.13018E-17 0.1261
  1.63786E-17 0.1132  1.76514E-17 0.0995  1.65908E-17 0.1070  1.70805E-17 0.1363
  1.44496E-17 0.1132  2.27059E-17 0.1537  2.16103E-17 0.1469  1.40578E-17 0.0999
  1.70016E-17 0.1640  1.72501E-17 0.1843  1.70395E-17 0.1988  1.98831E-17 0.2572
  1.73331E-17 0.1059  1.67097E-17 0.1116  1.55946E-17 0.1055  1.69421E-17 0.1141
  1.37381E-17 0.1023  1.71361E-17 0.1183  1.55812E-17 0.1340  1.62066E-17 0.1342
  1.68707E-17 0.1434  1.63749E-17 0.1118  1.52307E-17 0.1234  1.33959E-17 0.1168
  1.51658E-17 0.1291  1.65608E-17 0.1650  1.29878E-17 0.1017  1.61998E-17 0.1312
  1.24417E-17 0.1100  1.31688E-17 0.1198  1.52160E-17 0.1364  1.90749E-17 0.3121
  1.41888E-17 0.1392  2.10649E-17 0.2160  1.59876E-17 0.2087  1.75310E-17 0.1295
  1.49475E-17 0.1299  1.18724E-17 0.1077  1.38789E-17 0.1180  1.39825E-17 0.1218
  1.35922E-17 0.1355  2.11394E-17 0.2181  1.38920E-17 0.2440  1.39033E-17 0.1494
  1.60991E-17 0.1691  1.65929E-17 0.1921  1.47019E-17 0.1766  1.11226E-17 0.1211
  1.17526E-17 0.1138  1.19461E-17 0.1590  1.28813E-17 0.1032  1.31421E-17 0.1401
  1.00993E-17 0.1246  1.21315E-17 0.1126  1.31205E-17 0.1559  1.35921E-17 0.2076
  1.73523E-17 0.2123  1.57282E-17 0.2797  1.04732E-17 0.1123  8.30856E-18 0.1177
  1.55656E-17 0.1737  9.05593E-18 0.1699  1.09705E-17 0.1247  1.45374E-17 0.1542
  1.35904E-17 0.1488  1.53153E-17 0.2980  1.28322E-17 0.1213  1.56968E-17 0.1414
  1.24105E-17 0.1241  1.14191E-17 0.1648  1.23018E-17 0.1591  1.10029E-17 0.1284
  9.64823E-18 0.1553  1.08931E-17 0.1448  1.43022E-17 0.1363  1.23390E-17 0.1411
  1.10963E-17 0.1295  1.19535E-17 0.1409  1.06232E-17 0.1170  1.37900E-17 0.1804
  7.96513E-18 0.1243  1.06834E-17 0.1092  1.88920E-17 0.5170  8.67464E-18 0.1290
  1.38369E-17 0.2065  9.03737E-18 0.1515  1.05561E-17 0.1294  1.17442E-17 0.1409
  9.36158E-18 0.1188  1.10880E-17 0.1431  1.26729E-17 0.1420  1.17220E-17 0.1441
  9.59586E-18 0.1436  1.13793E-17 0.1298  1.64253E-17 0.3203  1.14813E-17 0.1756
  1.33044E-17 0.1653  1.03628E-17 0.1424  1.03744E-17 0.1429  8.60410E-18 0.1222
  8.34654E-18 0.1456  1.40162E-17 0.1730  9.91121E-18 0.1227  8.17379E-18 0.2260
  8.27032E-18 0.1523  4.00811E-17 0.0820  4.52139E-17 0.0713  4.49016E-17 0.0929
  4.35101E-17 0.0687  4.25650E-17 0.0712  4.68862E-17 0.1005  3.85765E-17 0.0831
  3.83878E-17 0.0707  3.67143E-17 0.0831  3.48668E-17 0.0704  3.65941E-17 0.0743
  3.69138E-17 0.1004  3.23726E-17 0.0701  2.77854E-17 0.0668  3.52229E-17 0.1233
  3.45667E-17 0.0824  3.47960E-17 0.0976  3.73960E-17 0.2028  3.29219E-17 0.0765
  2.93169E-17 0.0891  2.82291E-17 0.0798  2.91971E-17 0.0912  2.36907E-17 0.0772
  2.65123E-17 0.0875  2.77705E-17 0.0818  2.88295E-17 0.0999  2.75774E-17 0.1096
  2.49343E-17 0.0863  2.91123E-17 0.1077  2.24136E-17 0.0762  3.16203E-17 0.1103
  2.63330E-17 0.1003  2.72904E-17 0.1367  2.39050E-17 0.1329  2.30594E-17 0.0915
  2.45255E-17 0.1128  2.41655E-17 0.0741  2.39524E-17 0.0922  2.68667E-17 0.1048
  2.00298E-17 0.1030  7.25125E-15 0.0205
tfc    4       1       1       1       1       1       1       1     342
     500000  7.07216E-15  3.77576E-02  3.90720E+00
    1000000  7.03719E-15  2.64916E-02  3.90749E+00
    1500000  7.19660E-15  2.35085E-02  3.28628E+00
    2000000  7.25125E-15  2.05008E-02  3.23292E+00
