mcnp       6     06/26/14 09:27:29     4         2000000     24348893678
 simple nested dxtran test for air transport                                    
ntal     1
    1
tally    1                   -1    0    0
 1 0 0 0 0 0 0 0 0 0 0 0 0 0 0 0 0 0 0 0 0 0 0 0 0 0 0 0 0 0 0 0 0 0 0 0 0
f        1
      1
d        1
u        0
s        0
m        0
c        0
e        0
tt     342
  0.00000E+00  2.00000E+02  4.00000E+02  6.00000E+02  8.00000E+02  1.00000E+03
  1.20000E+03  1.40000E+03  1.60000E+03  1.80000E+03  2.00000E+03  2.20000E+03
  2.40000E+03  2.60000E+03  2.80000E+03  3.00000E+03  3.20000E+03  3.40000E+03
  3.60000E+03  3.80000E+03  4.00000E+03  4.20000E+03  4.40000E+03  4.60000E+03
  4.80000E+03  5.00000E+03  5.20000E+03  5.40000E+03  5.60000E+03  5.80000E+03
  6.00000E+03  6.20000E+03  6.40000E+03  6.60000E+03  6.80000E+03  7.00000E+03
  7.20000E+03  7.40000E+03  7.60000E+03  7.80000E+03  8.00000E+03  8.20000E+03
  8.40000E+03  8.60000E+03  8.80000E+03  9.00000E+03  9.20000E+03  9.40000E+03
  9.60000E+03  9.80000E+03  1.00000E+04  1.02000E+04  1.04000E+04  1.06000E+04
  1.08000E+04  1.10000E+04  1.12000E+04  1.14000E+04  1.16000E+04  1.18000E+04
  1.20000E+04  1.22000E+04  1.24000E+04  1.26000E+04  1.28000E+04  1.30000E+04
  1.32000E+04  1.34000E+04  1.36000E+04  1.38000E+04  1.40000E+04  1.42000E+04
  1.44000E+04  1.46000E+04  1.48000E+04  1.50000E+04  1.52000E+04  1.54000E+04
  1.56000E+04  1.58000E+04  1.60000E+04  1.62000E+04  1.64000E+04  1.66000E+04
  1.68000E+04  1.70000E+04  1.72000E+04  1.74000E+04  1.76000E+04  1.78000E+04
  1.80000E+04  1.82000E+04  1.84000E+04  1.86000E+04  1.88000E+04  1.90000E+04
  1.92000E+04  1.94000E+04  1.96000E+04  1.98000E+04  2.00000E+04  2.02000E+04
  2.04000E+04  2.06000E+04  2.08000E+04  2.10000E+04  2.12000E+04  2.14000E+04
  2.16000E+04  2.18000E+04  2.20000E+04  2.22000E+04  2.24000E+04  2.26000E+04
  2.28000E+04  2.30000E+04  2.32000E+04  2.34000E+04  2.36000E+04  2.38000E+04
  2.40000E+04  2.42000E+04  2.44000E+04  2.46000E+04  2.48000E+04  2.50000E+04
  2.52000E+04  2.54000E+04  2.56000E+04  2.58000E+04  2.60000E+04  2.62000E+04
  2.64000E+04  2.66000E+04  2.68000E+04  2.70000E+04  2.72000E+04  2.74000E+04
  2.76000E+04  2.78000E+04  2.80000E+04  2.82000E+04  2.84000E+04  2.86000E+04
  2.88000E+04  2.90000E+04  2.92000E+04  2.94000E+04  2.96000E+04  2.98000E+04
  3.00000E+04  3.02000E+04  3.04000E+04  3.06000E+04  3.08000E+04  3.10000E+04
  3.12000E+04  3.14000E+04  3.16000E+04  3.18000E+04  3.20000E+04  3.22000E+04
  3.24000E+04  3.26000E+04  3.28000E+04  3.30000E+04  3.32000E+04  3.34000E+04
  3.36000E+04  3.38000E+04  3.40000E+04  3.42000E+04  3.44000E+04  3.46000E+04
  3.48000E+04  3.50000E+04  3.52000E+04  3.54000E+04  3.56000E+04  3.58000E+04
  3.60000E+04  3.62000E+04  3.64000E+04  3.66000E+04  3.68000E+04  3.70000E+04
  3.72000E+04  3.74000E+04  3.76000E+04  3.78000E+04  3.80000E+04  3.82000E+04
  3.84000E+04  3.86000E+04  3.88000E+04  3.90000E+04  3.92000E+04  3.94000E+04
  3.96000E+04  3.98000E+04  4.00000E+04  4.02000E+04  4.04000E+04  4.06000E+04
  4.08000E+04  4.10000E+04  4.12000E+04  4.14000E+04  4.16000E+04  4.18000E+04
  4.20000E+04  4.22000E+04  4.24000E+04  4.26000E+04  4.28000E+04  4.30000E+04
  4.32000E+04  4.34000E+04  4.36000E+04  4.38000E+04  4.40000E+04  4.42000E+04
  4.44000E+04  4.46000E+04  4.48000E+04  4.50000E+04  4.52000E+04  4.54000E+04
  4.56000E+04  4.58000E+04  4.60000E+04  4.62000E+04  4.64000E+04  4.66000E+04
  4.68000E+04  4.70000E+04  4.72000E+04  4.74000E+04  4.76000E+04  4.78000E+04
  4.80000E+04  4.82000E+04  4.84000E+04  4.86000E+04  4.88000E+04  4.90000E+04
  4.92000E+04  4.94000E+04  4.96000E+04  4.98000E+04  5.00000E+04  5.02000E+04
  5.04000E+04  5.06000E+04  5.08000E+04  5.10000E+04  5.12000E+04  5.14000E+04
  5.16000E+04  5.18000E+04  5.20000E+04  5.22000E+04  5.24000E+04  5.26000E+04
  5.28000E+04  5.30000E+04  5.32000E+04  5.34000E+04  5.36000E+04  5.38000E+04
  5.40000E+04  5.42000E+04  5.44000E+04  5.46000E+04  5.48000E+04  5.50000E+04
  5.52000E+04  5.54000E+04  5.56000E+04  5.58000E+04  5.60000E+04  5.62000E+04
  5.64000E+04  5.66000E+04  5.68000E+04  5.70000E+04  5.72000E+04  5.74000E+04
  5.76000E+04  5.78000E+04  5.80000E+04  5.82000E+04  5.84000E+04  5.86000E+04
  5.88000E+04  5.90000E+04  5.92000E+04  5.94000E+04  5.96000E+04  5.98000E+04
  6.00000E+04  6.10000E+04  6.20000E+04  6.30000E+04  6.40000E+04  6.50000E+04
  6.60000E+04  6.70000E+04  6.80000E+04  6.90000E+04  7.00000E+04  7.10000E+04
  7.20000E+04  7.30000E+04  7.40000E+04  7.50000E+04  7.60000E+04  7.70000E+04
  7.80000E+04  7.90000E+04  8.00000E+04  8.10000E+04  8.20000E+04  8.30000E+04
  8.40000E+04  8.50000E+04  8.60000E+04  8.70000E+04  8.80000E+04  8.90000E+04
  9.00000E+04  9.10000E+04  9.20000E+04  9.30000E+04  9.40000E+04  9.50000E+04
  9.60000E+04  9.70000E+04  9.80000E+04  9.90000E+04  1.00000E+05
vals
  0.00000E+00 0.0000  0.00000E+00 0.0000  0.00000E+00 0.0000  0.00000E+00 0.0000
  0.00000E+00 0.0000  0.00000E+00 0.0000  0.00000E+00 0.0000  0.00000E+00 0.0000
  0.00000E+00 0.0000  0.00000E+00 0.0000  0.00000E+00 0.0000  0.00000E+00 0.0000
  0.00000E+00 0.0000  0.00000E+00 0.0000  0.00000E+00 0.0000  0.00000E+00 0.0000
  0.00000E+00 0.0000  0.00000E+00 0.0000  0.00000E+00 0.0000  0.00000E+00 0.0000
  0.00000E+00 0.0000  0.00000E+00 0.0000  0.00000E+00 0.0000  0.00000E+00 0.0000
  4.19705E-20 1.0000  4.19708E-20 1.0000  4.19702E-20 1.0000  1.00813E-18 0.3938
  4.62600E-19 0.4388  1.20728E-18 0.3174  3.09345E-18 0.2735  4.44371E-18 0.3320
  4.49452E-18 0.3334  6.56319E-18 0.3548  4.65602E-18 0.1772  1.31987E-17 0.2339
  1.24720E-17 0.2283  1.07164E-17 0.1864  1.40692E-17 0.1507  1.32009E-17 0.1835
  1.09468E-17 0.1537  1.68835E-17 0.2650  1.05639E-17 0.1080  7.62729E-18 0.1091
  9.53745E-18 0.1249  1.03264E-17 0.1790  1.10379E-17 0.1231  1.20852E-17 0.1101
  1.41520E-17 0.1652  3.05468E-17 0.5489  1.84004E-17 0.1637  1.65806E-17 0.1156
  1.60509E-17 0.1112  1.60006E-17 0.0838  2.48884E-17 0.1018  1.69196E-17 0.0960
  2.17610E-17 0.1321  2.90288E-17 0.1809  2.38650E-17 0.0996  2.05029E-17 0.1368
  3.67852E-17 0.1576  2.42618E-17 0.0927  2.96409E-17 0.1797  2.86674E-17 0.1028
  2.99247E-17 0.1354  2.55889E-17 0.1244  2.81964E-17 0.1135  2.57153E-17 0.1233
  2.65225E-17 0.0991  4.38953E-17 0.3187  2.74100E-17 0.1059  3.62507E-17 0.1963
  3.10449E-17 0.1707  3.02026E-17 0.1009  2.77343E-17 0.0825  2.72101E-17 0.0971
  2.90333E-17 0.0913  3.46317E-17 0.1662  3.09006E-17 0.1495  3.17982E-17 0.0894
  3.42898E-17 0.0881  3.42245E-17 0.1363  3.28037E-17 0.0917  3.11872E-17 0.1365
  4.02354E-17 0.1022  2.95258E-17 0.0894  3.05766E-17 0.0890  3.63956E-17 0.1478
  3.48474E-17 0.1134  3.10698E-17 0.0871  3.47173E-17 0.1034  3.24635E-17 0.1143
  3.14753E-17 0.0992  3.13190E-17 0.0754  3.01027E-17 0.0926  3.47487E-17 0.0893
  3.48701E-17 0.1138  3.48256E-17 0.0870  3.24759E-17 0.1019  3.45525E-17 0.0880
  4.64415E-17 0.1849  3.18389E-17 0.1316  3.21414E-17 0.0902  6.85527E-17 0.4861
  3.41279E-17 0.1058  3.16959E-17 0.0898  3.52575E-17 0.0978  3.16556E-17 0.0869
  3.06931E-17 0.0757  2.75741E-17 0.0902  2.82538E-17 0.0964  3.27551E-17 0.1246
  3.94314E-17 0.1941  3.49926E-17 0.0942  2.86916E-17 0.0777  3.45383E-17 0.1129
  4.24002E-17 0.2027  3.65518E-17 0.2196  3.24013E-17 0.1059  3.47760E-17 0.1517
  2.82168E-17 0.0906  2.53146E-17 0.1065  3.10982E-17 0.1126  4.67712E-17 0.3448
  3.34285E-17 0.1369  3.11417E-17 0.1032  3.03513E-17 0.1045  2.51009E-17 0.1045
  3.08460E-17 0.2173  3.76197E-17 0.2416  2.83824E-17 0.1033  3.37223E-17 0.1352
  3.63199E-17 0.1505  3.12171E-17 0.1431  3.10955E-17 0.1191  2.77143E-17 0.1165
  2.94058E-17 0.1542  2.60408E-17 0.0857  2.45806E-17 0.0955  2.53508E-17 0.1262
  2.35567E-17 0.1050  2.99653E-17 0.1638  2.61277E-17 0.1176  2.57790E-17 0.0998
  2.93966E-17 0.1047  2.67192E-17 0.1449  2.56511E-17 0.1187  2.66888E-17 0.1390
  2.26578E-17 0.1025  3.06329E-17 0.1534  3.62686E-17 0.3195  2.65960E-17 0.0978
  2.64954E-17 0.1346  2.31243E-17 0.1117  2.42128E-17 0.0953  3.67492E-17 0.2146
  1.99808E-17 0.1334  2.36222E-17 0.1271  3.00161E-17 0.1587  2.47168E-17 0.1432
  2.40180E-17 0.1142  2.69309E-17 0.1458  2.79289E-17 0.1397  2.17532E-17 0.0987
  2.70406E-17 0.1245  2.26487E-17 0.1233  2.17061E-17 0.0969  2.27242E-17 0.1303
  3.04600E-17 0.2243  2.40324E-17 0.1846  2.53936E-17 0.1267  2.14045E-17 0.1231
  2.60356E-17 0.2008  1.88361E-17 0.1063  2.28777E-17 0.1615  1.96412E-17 0.1117
  1.94162E-17 0.1189  1.80387E-17 0.0899  2.76956E-17 0.3244  2.46503E-17 0.2310
  1.71645E-17 0.1189  1.88036E-17 0.1052  1.92526E-17 0.1263  2.00237E-17 0.0903
  1.96025E-17 0.1086  2.01438E-17 0.1353  2.01177E-17 0.1517  2.13077E-17 0.1212
  1.83192E-17 0.1141  2.26146E-17 0.1601  1.82686E-17 0.1746  2.23058E-17 0.1280
  1.83590E-17 0.1726  2.35096E-17 0.1251  2.00362E-17 0.1886  2.19252E-17 0.2407
  2.24408E-17 0.1686  1.90003E-17 0.1174  1.74755E-17 0.1421  1.96038E-17 0.1798
  1.72023E-17 0.1840  1.82300E-17 0.1294  1.85782E-17 0.1104  1.93000E-17 0.1349
  1.86155E-17 0.1422  1.90673E-17 0.1278  1.62685E-17 0.1153  1.81519E-17 0.1803
  1.58833E-17 0.1336  1.35219E-17 0.1271  2.91570E-17 0.4079  2.09754E-17 0.1334
  1.67014E-17 0.1015  1.78605E-17 0.1342  1.73084E-17 0.1690  1.71262E-17 0.1147
  1.17442E-17 0.1114  1.50469E-17 0.1054  1.72624E-17 0.1871  3.99493E-17 0.5124
  1.77346E-17 0.1642  1.14459E-17 0.1203  1.40692E-17 0.1297  1.31773E-17 0.1167
  1.21861E-17 0.1133  1.29432E-17 0.1231  1.75168E-17 0.1241  1.29312E-17 0.1270
  1.23636E-17 0.1439  1.58028E-17 0.1552  1.77124E-17 0.1940  1.10116E-17 0.1292
  1.48312E-17 0.1325  1.43246E-17 0.1625  1.32233E-17 0.1125  1.52144E-17 0.1595
  1.50899E-17 0.2305  1.55610E-17 0.1583  1.65060E-17 0.1614  1.49504E-17 0.2459
  1.64996E-17 0.1148  1.32273E-17 0.1147  1.27814E-17 0.1222  1.06493E-17 0.1566
  1.63385E-17 0.2128  1.28828E-17 0.1119  1.45964E-17 0.1419  1.10229E-17 0.1269
  4.77538E-17 0.7200  1.26693E-17 0.1258  1.58771E-17 0.2276  9.86422E-18 0.1355
  1.71620E-17 0.1582  1.18538E-17 0.1280  1.16464E-17 0.1360  8.98116E-18 0.1210
  1.75586E-17 0.2554  1.03580E-17 0.1406  1.11432E-17 0.1380  1.56752E-17 0.1470
  1.27227E-17 0.1275  9.50662E-18 0.1107  1.23713E-17 0.1238  1.09598E-17 0.1599
  9.82947E-18 0.1181  1.15012E-17 0.1328  1.19287E-17 0.1980  8.30455E-18 0.1577
  9.39704E-18 0.1561  9.95076E-18 0.1386  1.02171E-17 0.1254  1.07194E-17 0.1359
  7.57637E-18 0.1114  1.00101E-17 0.1261  1.07545E-17 0.1522  1.44047E-17 0.3060
  1.11310E-17 0.1699  1.20973E-17 0.1380  1.47598E-17 0.2538  8.27604E-18 0.1152
  9.91833E-18 0.1410  8.03056E-18 0.0998  1.12030E-17 0.1581  9.62705E-18 0.1375
  9.58229E-18 0.1286  7.47450E-18 0.1190  9.00294E-18 0.1290  1.00652E-17 0.1097
  7.73566E-18 0.1301  8.11830E-18 0.1372  8.25377E-18 0.1223  9.63179E-18 0.1486
  9.88675E-18 0.1218  7.60445E-18 0.1268  1.05711E-17 0.1521  1.15670E-17 0.2057
  9.64403E-18 0.1328  7.80060E-18 0.1062  1.09685E-17 0.1876  9.74620E-18 0.1361
  1.66000E-17 0.3553  5.66595E-17 0.1143  4.18353E-17 0.0729  4.83544E-17 0.0878
  4.72291E-17 0.0772  4.55127E-17 0.0917  4.53315E-17 0.0804  3.99932E-17 0.0770
  3.87985E-17 0.1082  3.79385E-17 0.0771  3.32106E-17 0.0743  3.34224E-17 0.0920
  3.79491E-17 0.0818  3.92160E-17 0.0834  3.53531E-17 0.0748  3.88867E-17 0.0829
  4.07026E-17 0.1106  3.83107E-17 0.0949  3.57221E-17 0.0911  2.56545E-17 0.0742
  2.94680E-17 0.0890  3.10935E-17 0.1081  3.40832E-17 0.1066  2.48120E-17 0.0708
  3.36786E-17 0.0868  3.24510E-17 0.1217  2.51900E-17 0.0944  2.67848E-17 0.0969
  2.65541E-17 0.0882  3.16562E-17 0.1108  2.88776E-17 0.1050  2.61654E-17 0.0985
  2.06294E-17 0.0882  2.23784E-17 0.0785  2.48612E-17 0.1408  2.89531E-17 0.1313
  2.75517E-17 0.1048  2.15117E-17 0.0780  2.38074E-17 0.0967  2.27743E-17 0.1179
  2.22030E-17 0.1483  7.15059E-15 0.0205
tfc    4       1       1       1       1       1       1       1     342
     500000  7.08865E-15  3.92051E-02  3.60692E+00
    1000000  7.10237E-15  2.89500E-02  3.30527E+00
    1500000  7.20204E-15  2.32013E-02  3.43906E+00
    2000000  7.15059E-15  2.04583E-02  3.33757E+00
