mcnp       6     06/25/14 12:02:40     4         2000000     24411004665
 simple nested dxtran test for air transport                                    
ntal     1
    1
tally    1                   -1    0    0
 1 0 0 0 0 0 0 0 0 0 0 0 0 0 0 0 0 0 0 0 0 0 0 0 0 0 0 0 0 0 0 0 0 0 0 0 0
f        1
      1
d        1
u        0
s        0
m        0
c        0
e        0
tt     342
  0.00000E+00  2.00000E+02  4.00000E+02  6.00000E+02  8.00000E+02  1.00000E+03
  1.20000E+03  1.40000E+03  1.60000E+03  1.80000E+03  2.00000E+03  2.20000E+03
  2.40000E+03  2.60000E+03  2.80000E+03  3.00000E+03  3.20000E+03  3.40000E+03
  3.60000E+03  3.80000E+03  4.00000E+03  4.20000E+03  4.40000E+03  4.60000E+03
  4.80000E+03  5.00000E+03  5.20000E+03  5.40000E+03  5.60000E+03  5.80000E+03
  6.00000E+03  6.20000E+03  6.40000E+03  6.60000E+03  6.80000E+03  7.00000E+03
  7.20000E+03  7.40000E+03  7.60000E+03  7.80000E+03  8.00000E+03  8.20000E+03
  8.40000E+03  8.60000E+03  8.80000E+03  9.00000E+03  9.20000E+03  9.40000E+03
  9.60000E+03  9.80000E+03  1.00000E+04  1.02000E+04  1.04000E+04  1.06000E+04
  1.08000E+04  1.10000E+04  1.12000E+04  1.14000E+04  1.16000E+04  1.18000E+04
  1.20000E+04  1.22000E+04  1.24000E+04  1.26000E+04  1.28000E+04  1.30000E+04
  1.32000E+04  1.34000E+04  1.36000E+04  1.38000E+04  1.40000E+04  1.42000E+04
  1.44000E+04  1.46000E+04  1.48000E+04  1.50000E+04  1.52000E+04  1.54000E+04
  1.56000E+04  1.58000E+04  1.60000E+04  1.62000E+04  1.64000E+04  1.66000E+04
  1.68000E+04  1.70000E+04  1.72000E+04  1.74000E+04  1.76000E+04  1.78000E+04
  1.80000E+04  1.82000E+04  1.84000E+04  1.86000E+04  1.88000E+04  1.90000E+04
  1.92000E+04  1.94000E+04  1.96000E+04  1.98000E+04  2.00000E+04  2.02000E+04
  2.04000E+04  2.06000E+04  2.08000E+04  2.10000E+04  2.12000E+04  2.14000E+04
  2.16000E+04  2.18000E+04  2.20000E+04  2.22000E+04  2.24000E+04  2.26000E+04
  2.28000E+04  2.30000E+04  2.32000E+04  2.34000E+04  2.36000E+04  2.38000E+04
  2.40000E+04  2.42000E+04  2.44000E+04  2.46000E+04  2.48000E+04  2.50000E+04
  2.52000E+04  2.54000E+04  2.56000E+04  2.58000E+04  2.60000E+04  2.62000E+04
  2.64000E+04  2.66000E+04  2.68000E+04  2.70000E+04  2.72000E+04  2.74000E+04
  2.76000E+04  2.78000E+04  2.80000E+04  2.82000E+04  2.84000E+04  2.86000E+04
  2.88000E+04  2.90000E+04  2.92000E+04  2.94000E+04  2.96000E+04  2.98000E+04
  3.00000E+04  3.02000E+04  3.04000E+04  3.06000E+04  3.08000E+04  3.10000E+04
  3.12000E+04  3.14000E+04  3.16000E+04  3.18000E+04  3.20000E+04  3.22000E+04
  3.24000E+04  3.26000E+04  3.28000E+04  3.30000E+04  3.32000E+04  3.34000E+04
  3.36000E+04  3.38000E+04  3.40000E+04  3.42000E+04  3.44000E+04  3.46000E+04
  3.48000E+04  3.50000E+04  3.52000E+04  3.54000E+04  3.56000E+04  3.58000E+04
  3.60000E+04  3.62000E+04  3.64000E+04  3.66000E+04  3.68000E+04  3.70000E+04
  3.72000E+04  3.74000E+04  3.76000E+04  3.78000E+04  3.80000E+04  3.82000E+04
  3.84000E+04  3.86000E+04  3.88000E+04  3.90000E+04  3.92000E+04  3.94000E+04
  3.96000E+04  3.98000E+04  4.00000E+04  4.02000E+04  4.04000E+04  4.06000E+04
  4.08000E+04  4.10000E+04  4.12000E+04  4.14000E+04  4.16000E+04  4.18000E+04
  4.20000E+04  4.22000E+04  4.24000E+04  4.26000E+04  4.28000E+04  4.30000E+04
  4.32000E+04  4.34000E+04  4.36000E+04  4.38000E+04  4.40000E+04  4.42000E+04
  4.44000E+04  4.46000E+04  4.48000E+04  4.50000E+04  4.52000E+04  4.54000E+04
  4.56000E+04  4.58000E+04  4.60000E+04  4.62000E+04  4.64000E+04  4.66000E+04
  4.68000E+04  4.70000E+04  4.72000E+04  4.74000E+04  4.76000E+04  4.78000E+04
  4.80000E+04  4.82000E+04  4.84000E+04  4.86000E+04  4.88000E+04  4.90000E+04
  4.92000E+04  4.94000E+04  4.96000E+04  4.98000E+04  5.00000E+04  5.02000E+04
  5.04000E+04  5.06000E+04  5.08000E+04  5.10000E+04  5.12000E+04  5.14000E+04
  5.16000E+04  5.18000E+04  5.20000E+04  5.22000E+04  5.24000E+04  5.26000E+04
  5.28000E+04  5.30000E+04  5.32000E+04  5.34000E+04  5.36000E+04  5.38000E+04
  5.40000E+04  5.42000E+04  5.44000E+04  5.46000E+04  5.48000E+04  5.50000E+04
  5.52000E+04  5.54000E+04  5.56000E+04  5.58000E+04  5.60000E+04  5.62000E+04
  5.64000E+04  5.66000E+04  5.68000E+04  5.70000E+04  5.72000E+04  5.74000E+04
  5.76000E+04  5.78000E+04  5.80000E+04  5.82000E+04  5.84000E+04  5.86000E+04
  5.88000E+04  5.90000E+04  5.92000E+04  5.94000E+04  5.96000E+04  5.98000E+04
  6.00000E+04  6.10000E+04  6.20000E+04  6.30000E+04  6.40000E+04  6.50000E+04
  6.60000E+04  6.70000E+04  6.80000E+04  6.90000E+04  7.00000E+04  7.10000E+04
  7.20000E+04  7.30000E+04  7.40000E+04  7.50000E+04  7.60000E+04  7.70000E+04
  7.80000E+04  7.90000E+04  8.00000E+04  8.10000E+04  8.20000E+04  8.30000E+04
  8.40000E+04  8.50000E+04  8.60000E+04  8.70000E+04  8.80000E+04  8.90000E+04
  9.00000E+04  9.10000E+04  9.20000E+04  9.30000E+04  9.40000E+04  9.50000E+04
  9.60000E+04  9.70000E+04  9.80000E+04  9.90000E+04  1.00000E+05
vals
  0.00000E+00 0.0000  0.00000E+00 0.0000  0.00000E+00 0.0000  0.00000E+00 0.0000
  0.00000E+00 0.0000  0.00000E+00 0.0000  0.00000E+00 0.0000  0.00000E+00 0.0000
  0.00000E+00 0.0000  0.00000E+00 0.0000  0.00000E+00 0.0000  0.00000E+00 0.0000
  0.00000E+00 0.0000  0.00000E+00 0.0000  0.00000E+00 0.0000  0.00000E+00 0.0000
  0.00000E+00 0.0000  0.00000E+00 0.0000  0.00000E+00 0.0000  0.00000E+00 0.0000
  0.00000E+00 0.0000  0.00000E+00 0.0000  0.00000E+00 0.0000  0.00000E+00 0.0000
  0.00000E+00 0.0000  0.00000E+00 0.0000  3.19487E-19 0.5537  8.78023E-19 0.8144
  1.89611E-18 0.6028  7.62480E-19 0.2702  5.21967E-18 0.3713  5.03593E-18 0.3411
  3.69587E-18 0.2245  6.11075E-18 0.2219  7.18591E-18 0.2060  9.41558E-18 0.1411
  1.79561E-17 0.2044  1.29626E-17 0.1322  1.64075E-17 0.1453  1.72528E-17 0.1937
  1.45415E-17 0.1602  1.17523E-17 0.1368  9.04572E-18 0.1002  1.14833E-17 0.1454
  1.09786E-17 0.1247  1.16434E-17 0.1859  1.31444E-17 0.1369  1.40076E-17 0.1227
  1.25491E-17 0.1272  1.57507E-17 0.1943  1.44761E-17 0.1034  2.21885E-17 0.1053
  2.21219E-17 0.1597  2.10945E-17 0.1008  1.72382E-17 0.1069  3.50999E-17 0.3546
  2.50662E-17 0.1062  2.43704E-17 0.1220  2.15094E-17 0.1068  2.85585E-17 0.1663
  2.12585E-17 0.0714  2.45225E-17 0.1423  2.98300E-17 0.1446  2.89909E-17 0.1252
  2.52689E-17 0.0779  2.45491E-17 0.1039  2.86468E-17 0.0833  2.42279E-17 0.1332
  2.73671E-17 0.1158  4.55261E-17 0.2551  2.85265E-17 0.0986  3.05422E-17 0.0992
  2.76579E-17 0.0931  3.64656E-17 0.2682  2.77579E-17 0.0845  3.17531E-17 0.1181
  3.80833E-17 0.1297  2.82409E-17 0.1431  2.64652E-17 0.0941  3.50778E-17 0.1022
  3.00118E-17 0.0963  3.31626E-17 0.1358  3.77982E-17 0.1198  2.97160E-17 0.0759
  3.12395E-17 0.0872  3.03609E-17 0.0951  5.33285E-17 0.4919  3.59425E-17 0.1639
  3.39252E-17 0.1422  3.09190E-17 0.1237  3.71675E-17 0.1307  3.22938E-17 0.0895
  2.86677E-17 0.0953  3.38120E-17 0.1112  3.22275E-17 0.1270  3.32051E-17 0.0802
  3.06677E-17 0.1133  4.42403E-17 0.2040  3.33986E-17 0.0910  3.41601E-17 0.0992
  2.75977E-17 0.0875  2.98737E-17 0.0812  3.18357E-17 0.1064  3.31718E-17 0.0773
  3.00649E-17 0.0817  3.81382E-17 0.2018  3.15629E-17 0.1772  3.10590E-17 0.1322
  2.73613E-17 0.0990  3.04445E-17 0.1013  4.75316E-17 0.1858  2.86517E-17 0.0789
  3.28720E-17 0.1114  3.38748E-17 0.1094  3.15373E-17 0.0893  3.08033E-17 0.0936
  3.35297E-17 0.1221  2.46936E-17 0.0774  2.85977E-17 0.1078  2.90893E-17 0.0970
  2.64659E-17 0.0999  3.01152E-17 0.1248  2.99187E-17 0.0952  3.05186E-17 0.1523
  3.47807E-17 0.1349  3.06928E-17 0.0966  2.64940E-17 0.0932  3.32069E-17 0.1662
  2.96820E-17 0.1203  3.15026E-17 0.1111  2.71044E-17 0.1048  2.47303E-17 0.0820
  2.74335E-17 0.1000  2.84908E-17 0.1005  2.24343E-17 0.0927  5.43945E-17 0.4945
  2.34883E-17 0.0835  2.48871E-17 0.0928  3.24896E-17 0.1178  3.58569E-17 0.2646
  3.03706E-17 0.1566  2.54354E-17 0.1096  2.33621E-17 0.0916  3.62062E-17 0.2235
  2.65319E-17 0.1195  2.68970E-17 0.1156  2.31731E-17 0.0864  2.53122E-17 0.1757
  3.76434E-17 0.1717  3.51669E-17 0.2334  3.87424E-17 0.3890  2.23825E-17 0.0984
  2.91800E-17 0.1710  2.08934E-17 0.0983  2.83226E-17 0.1436  2.11025E-17 0.0819
  2.26277E-17 0.1099  2.06643E-17 0.0807  2.14337E-17 0.0984  1.88558E-17 0.1262
  2.62280E-17 0.1545  2.64409E-17 0.1690  2.50709E-17 0.1148  2.37333E-17 0.1431
  3.01297E-17 0.3033  2.45748E-17 0.2482  2.03424E-17 0.1311  2.60670E-17 0.1168
  4.79004E-17 0.4999  2.92688E-17 0.2830  1.91970E-17 0.0933  2.38539E-17 0.1282
  2.54527E-17 0.1428  2.12506E-17 0.1155  1.58308E-17 0.0971  1.79177E-17 0.1084
  1.73386E-17 0.1056  2.24754E-17 0.1414  1.93674E-17 0.0994  2.21139E-17 0.1309
  1.85266E-17 0.1011  3.37368E-17 0.2270  1.72550E-17 0.0980  1.91867E-17 0.1731
  1.58567E-17 0.1000  2.92799E-17 0.2900  2.03320E-17 0.1205  2.20521E-17 0.1360
  2.21682E-17 0.1386  1.73198E-17 0.1302  1.68886E-17 0.1131  2.28363E-17 0.2630
  2.11297E-17 0.1424  2.21030E-17 0.1414  1.75069E-17 0.1264  1.57666E-17 0.1061
  2.45620E-17 0.1822  2.09316E-17 0.1421  2.07437E-17 0.1272  1.97212E-17 0.1540
  1.72725E-17 0.1834  2.99474E-17 0.3899  2.10551E-17 0.2323  1.78063E-17 0.1592
  1.55377E-17 0.1108  1.64807E-17 0.1143  2.01199E-17 0.2185  1.82462E-17 0.1467
  1.77918E-17 0.1203  1.80290E-17 0.1231  1.91782E-17 0.2455  1.14876E-17 0.1041
  1.90791E-17 0.1487  1.39633E-17 0.1353  1.62640E-17 0.1244  1.54933E-17 0.1252
  1.61995E-17 0.2678  1.43353E-17 0.1240  2.30409E-17 0.1544  1.43147E-17 0.1039
  1.94064E-17 0.1629  1.58510E-17 0.2413  1.94677E-17 0.1667  1.95022E-17 0.1727
  1.16545E-17 0.1371  1.42512E-17 0.1096  1.77834E-17 0.1795  1.81186E-17 0.1360
  1.84521E-17 0.1429  1.46524E-17 0.1354  1.26639E-17 0.1194  1.16952E-17 0.1588
  1.39125E-17 0.1860  1.02378E-17 0.1252  1.86047E-17 0.1485  1.06388E-17 0.1033
  1.62281E-17 0.1163  1.48369E-17 0.1351  1.26228E-17 0.1061  1.18302E-17 0.1135
  1.58891E-17 0.2087  1.38512E-17 0.1058  1.70841E-17 0.1454  1.42527E-17 0.1861
  9.98102E-18 0.1180  1.11172E-17 0.1276  1.08996E-17 0.1472  1.70142E-17 0.1462
  1.06965E-17 0.1123  1.22792E-17 0.1296  1.65914E-17 0.2208  8.43274E-18 0.1363
  1.17071E-17 0.0970  1.54884E-17 0.1966  1.31027E-17 0.1509  1.69581E-17 0.1278
  1.25956E-17 0.1496  1.45685E-17 0.1557  1.22849E-17 0.1236  1.36126E-17 0.2088
  1.13598E-17 0.1377  1.56046E-17 0.2441  1.15807E-17 0.1630  1.60006E-17 0.3295
  1.19636E-17 0.1244  1.30513E-17 0.2155  1.66730E-16 0.9314  1.07230E-17 0.1240
  8.84701E-18 0.1219  1.62765E-17 0.2150  1.21932E-17 0.2268  9.95359E-18 0.1246
  8.69442E-18 0.1132  1.16309E-17 0.1722  1.58267E-17 0.3421  1.64726E-17 0.2551
  1.09343E-17 0.1671  1.05045E-17 0.1836  1.23670E-17 0.1991  9.67434E-18 0.2109
  9.61241E-18 0.1253  1.21245E-17 0.1449  1.37331E-17 0.1887  9.00059E-18 0.1154
  1.13431E-17 0.1261  1.34639E-17 0.1396  1.04258E-17 0.1828  9.55059E-18 0.1386
  1.32948E-17 0.3256  9.04373E-18 0.1168  1.21787E-17 0.1380  1.13521E-17 0.1738
  8.85630E-18 0.1939  1.08490E-17 0.1295  9.13034E-18 0.1532  8.54631E-18 0.1617
  9.63603E-18 0.1573  1.09530E-17 0.1388  1.09242E-17 0.1465  1.10474E-17 0.1836
  9.31666E-18 0.1336  5.42735E-17 0.1022  4.09395E-17 0.0829  5.36298E-17 0.1114
  4.24938E-17 0.0734  4.11404E-17 0.0910  4.36103E-17 0.0670  3.52470E-17 0.0869
  3.72058E-17 0.0862  3.69215E-17 0.1269  3.23564E-17 0.0689  3.70638E-17 0.0821
  3.65816E-17 0.1391  4.32479E-17 0.1003  4.02018E-17 0.1873  3.57456E-17 0.0958
  3.76598E-17 0.1104  3.52545E-17 0.1150  2.75051E-17 0.0744  3.48780E-17 0.1469
  4.11474E-17 0.1290  3.19794E-17 0.0985  3.09893E-17 0.0835  2.65317E-17 0.0758
  3.67169E-17 0.2558  3.49708E-17 0.1577  2.43904E-17 0.0829  3.14377E-17 0.1640
  2.39682E-17 0.0861  2.53149E-17 0.0962  2.49970E-17 0.0878  2.40642E-17 0.0963
  2.79332E-17 0.0957  2.41825E-17 0.1930  2.51975E-17 0.1240  2.45036E-17 0.1172
  2.48705E-17 0.0859  2.45082E-17 0.1599  2.27374E-17 0.0884  1.97229E-17 0.0862
  1.99001E-17 0.1067  7.27971E-15 0.0293
tfc    4       1       1       1       1       1       1       1     342
     500000  6.86414E-15  3.85151E-02  3.85600E+00
    1000000  7.11976E-15  2.85995E-02  3.46667E+00
    1500000  7.33703E-15  3.64314E-02  1.42333E+00
    2000000  7.27971E-15  2.93376E-02  1.63723E+00
