mcnp       6     06/26/14 15:51:54     4         2000000     24202855798
 simple nested dxtran test for air transport                                    
ntal     1
    1
tally    1                   -1    0    0
 1 0 0 0 0 0 0 0 0 0 0 0 0 0 0 0 0 0 0 0 0 0 0 0 0 0 0 0 0 0 0 0 0 0 0 0 0
f        1
      1
d        1
u        0
s        0
m        0
c        0
e        0
tt     342
  0.00000E+00  2.00000E+02  4.00000E+02  6.00000E+02  8.00000E+02  1.00000E+03
  1.20000E+03  1.40000E+03  1.60000E+03  1.80000E+03  2.00000E+03  2.20000E+03
  2.40000E+03  2.60000E+03  2.80000E+03  3.00000E+03  3.20000E+03  3.40000E+03
  3.60000E+03  3.80000E+03  4.00000E+03  4.20000E+03  4.40000E+03  4.60000E+03
  4.80000E+03  5.00000E+03  5.20000E+03  5.40000E+03  5.60000E+03  5.80000E+03
  6.00000E+03  6.20000E+03  6.40000E+03  6.60000E+03  6.80000E+03  7.00000E+03
  7.20000E+03  7.40000E+03  7.60000E+03  7.80000E+03  8.00000E+03  8.20000E+03
  8.40000E+03  8.60000E+03  8.80000E+03  9.00000E+03  9.20000E+03  9.40000E+03
  9.60000E+03  9.80000E+03  1.00000E+04  1.02000E+04  1.04000E+04  1.06000E+04
  1.08000E+04  1.10000E+04  1.12000E+04  1.14000E+04  1.16000E+04  1.18000E+04
  1.20000E+04  1.22000E+04  1.24000E+04  1.26000E+04  1.28000E+04  1.30000E+04
  1.32000E+04  1.34000E+04  1.36000E+04  1.38000E+04  1.40000E+04  1.42000E+04
  1.44000E+04  1.46000E+04  1.48000E+04  1.50000E+04  1.52000E+04  1.54000E+04
  1.56000E+04  1.58000E+04  1.60000E+04  1.62000E+04  1.64000E+04  1.66000E+04
  1.68000E+04  1.70000E+04  1.72000E+04  1.74000E+04  1.76000E+04  1.78000E+04
  1.80000E+04  1.82000E+04  1.84000E+04  1.86000E+04  1.88000E+04  1.90000E+04
  1.92000E+04  1.94000E+04  1.96000E+04  1.98000E+04  2.00000E+04  2.02000E+04
  2.04000E+04  2.06000E+04  2.08000E+04  2.10000E+04  2.12000E+04  2.14000E+04
  2.16000E+04  2.18000E+04  2.20000E+04  2.22000E+04  2.24000E+04  2.26000E+04
  2.28000E+04  2.30000E+04  2.32000E+04  2.34000E+04  2.36000E+04  2.38000E+04
  2.40000E+04  2.42000E+04  2.44000E+04  2.46000E+04  2.48000E+04  2.50000E+04
  2.52000E+04  2.54000E+04  2.56000E+04  2.58000E+04  2.60000E+04  2.62000E+04
  2.64000E+04  2.66000E+04  2.68000E+04  2.70000E+04  2.72000E+04  2.74000E+04
  2.76000E+04  2.78000E+04  2.80000E+04  2.82000E+04  2.84000E+04  2.86000E+04
  2.88000E+04  2.90000E+04  2.92000E+04  2.94000E+04  2.96000E+04  2.98000E+04
  3.00000E+04  3.02000E+04  3.04000E+04  3.06000E+04  3.08000E+04  3.10000E+04
  3.12000E+04  3.14000E+04  3.16000E+04  3.18000E+04  3.20000E+04  3.22000E+04
  3.24000E+04  3.26000E+04  3.28000E+04  3.30000E+04  3.32000E+04  3.34000E+04
  3.36000E+04  3.38000E+04  3.40000E+04  3.42000E+04  3.44000E+04  3.46000E+04
  3.48000E+04  3.50000E+04  3.52000E+04  3.54000E+04  3.56000E+04  3.58000E+04
  3.60000E+04  3.62000E+04  3.64000E+04  3.66000E+04  3.68000E+04  3.70000E+04
  3.72000E+04  3.74000E+04  3.76000E+04  3.78000E+04  3.80000E+04  3.82000E+04
  3.84000E+04  3.86000E+04  3.88000E+04  3.90000E+04  3.92000E+04  3.94000E+04
  3.96000E+04  3.98000E+04  4.00000E+04  4.02000E+04  4.04000E+04  4.06000E+04
  4.08000E+04  4.10000E+04  4.12000E+04  4.14000E+04  4.16000E+04  4.18000E+04
  4.20000E+04  4.22000E+04  4.24000E+04  4.26000E+04  4.28000E+04  4.30000E+04
  4.32000E+04  4.34000E+04  4.36000E+04  4.38000E+04  4.40000E+04  4.42000E+04
  4.44000E+04  4.46000E+04  4.48000E+04  4.50000E+04  4.52000E+04  4.54000E+04
  4.56000E+04  4.58000E+04  4.60000E+04  4.62000E+04  4.64000E+04  4.66000E+04
  4.68000E+04  4.70000E+04  4.72000E+04  4.74000E+04  4.76000E+04  4.78000E+04
  4.80000E+04  4.82000E+04  4.84000E+04  4.86000E+04  4.88000E+04  4.90000E+04
  4.92000E+04  4.94000E+04  4.96000E+04  4.98000E+04  5.00000E+04  5.02000E+04
  5.04000E+04  5.06000E+04  5.08000E+04  5.10000E+04  5.12000E+04  5.14000E+04
  5.16000E+04  5.18000E+04  5.20000E+04  5.22000E+04  5.24000E+04  5.26000E+04
  5.28000E+04  5.30000E+04  5.32000E+04  5.34000E+04  5.36000E+04  5.38000E+04
  5.40000E+04  5.42000E+04  5.44000E+04  5.46000E+04  5.48000E+04  5.50000E+04
  5.52000E+04  5.54000E+04  5.56000E+04  5.58000E+04  5.60000E+04  5.62000E+04
  5.64000E+04  5.66000E+04  5.68000E+04  5.70000E+04  5.72000E+04  5.74000E+04
  5.76000E+04  5.78000E+04  5.80000E+04  5.82000E+04  5.84000E+04  5.86000E+04
  5.88000E+04  5.90000E+04  5.92000E+04  5.94000E+04  5.96000E+04  5.98000E+04
  6.00000E+04  6.10000E+04  6.20000E+04  6.30000E+04  6.40000E+04  6.50000E+04
  6.60000E+04  6.70000E+04  6.80000E+04  6.90000E+04  7.00000E+04  7.10000E+04
  7.20000E+04  7.30000E+04  7.40000E+04  7.50000E+04  7.60000E+04  7.70000E+04
  7.80000E+04  7.90000E+04  8.00000E+04  8.10000E+04  8.20000E+04  8.30000E+04
  8.40000E+04  8.50000E+04  8.60000E+04  8.70000E+04  8.80000E+04  8.90000E+04
  9.00000E+04  9.10000E+04  9.20000E+04  9.30000E+04  9.40000E+04  9.50000E+04
  9.60000E+04  9.70000E+04  9.80000E+04  9.90000E+04  1.00000E+05
vals
  0.00000E+00 0.0000  0.00000E+00 0.0000  0.00000E+00 0.0000  0.00000E+00 0.0000
  0.00000E+00 0.0000  0.00000E+00 0.0000  0.00000E+00 0.0000  0.00000E+00 0.0000
  0.00000E+00 0.0000  0.00000E+00 0.0000  0.00000E+00 0.0000  0.00000E+00 0.0000
  0.00000E+00 0.0000  0.00000E+00 0.0000  0.00000E+00 0.0000  0.00000E+00 0.0000
  0.00000E+00 0.0000  0.00000E+00 0.0000  0.00000E+00 0.0000  0.00000E+00 0.0000
  0.00000E+00 0.0000  0.00000E+00 0.0000  0.00000E+00 0.0000  4.19656E-20 1.0000
  4.60513E-20 1.0000  1.74731E-18 0.7945  8.68238E-19 0.5885  1.42251E-18 0.5053
  1.26132E-18 0.3512  7.42433E-19 0.5197  2.82315E-18 0.4807  7.85376E-18 0.3880
  5.17173E-18 0.2620  4.49595E-18 0.1962  3.95420E-18 0.1919  1.11619E-17 0.3494
  1.26429E-17 0.1437  1.46422E-17 0.1356  2.12523E-17 0.3925  1.21223E-17 0.2000
  1.07092E-17 0.1485  1.23717E-17 0.2008  1.52470E-17 0.2692  8.88552E-18 0.1062
  1.45172E-17 0.2840  1.76676E-17 0.2136  1.27536E-17 0.1405  1.08531E-17 0.1146
  1.24732E-17 0.1072  9.82896E-18 0.1094  1.25249E-17 0.0929  2.23227E-17 0.3124
  1.78126E-17 0.1801  2.36825E-17 0.1986  1.83936E-17 0.0942  1.94487E-17 0.0923
  2.54905E-17 0.1460  3.06189E-17 0.2123  2.21178E-17 0.0875  2.56753E-17 0.1617
  2.13498E-17 0.0792  3.27562E-17 0.2650  2.65965E-17 0.1371  2.30924E-17 0.0805
  2.55153E-17 0.1150  5.20957E-17 0.3467  2.50447E-17 0.0879  2.38592E-17 0.1089
  3.23665E-17 0.2389  2.96312E-17 0.1124  3.08461E-17 0.1300  3.39857E-17 0.1343
  2.75317E-17 0.1017  2.79900E-17 0.1117  3.34636E-17 0.1161  4.22393E-17 0.2291
  2.63970E-17 0.0748  3.15446E-17 0.2811  2.78688E-17 0.1086  2.51088E-17 0.0724
  2.70313E-17 0.0818  2.83679E-17 0.0821  2.86350E-17 0.1043  2.60744E-17 0.0807
  3.12547E-17 0.1169  4.44288E-17 0.3333  2.88772E-17 0.0909  3.19549E-17 0.0858
  3.10277E-17 0.0970  3.35995E-17 0.1498  3.54540E-17 0.1139  3.56561E-17 0.1136
  2.80015E-17 0.1477  2.89800E-17 0.0775  2.71863E-17 0.0991  3.34259E-17 0.1184
  3.36364E-17 0.1551  2.78171E-17 0.0776  2.99852E-17 0.0913  3.04026E-17 0.1322
  3.67317E-17 0.1127  3.40646E-17 0.1341  3.20470E-17 0.0910  3.35821E-17 0.1139
  3.04524E-17 0.1130  3.92739E-17 0.2194  3.42269E-17 0.1782  4.07079E-17 0.1504
  3.09812E-17 0.0995  3.61753E-17 0.1045  2.60044E-17 0.0971  3.19131E-17 0.1348
  2.62627E-17 0.0808  3.56630E-17 0.1652  2.32861E-17 0.0808  3.35176E-17 0.1170
  3.05407E-17 0.1599  2.49384E-17 0.0846  3.05625E-17 0.1037  2.48401E-17 0.0861
  2.87897E-17 0.1059  3.20667E-17 0.1011  2.70138E-17 0.1195  2.86182E-17 0.0992
  2.44763E-17 0.0692  2.40614E-17 0.1241  2.56519E-17 0.0966  2.92350E-17 0.1162
  2.59256E-17 0.0825  2.49615E-17 0.0895  2.80333E-17 0.1169  2.48421E-17 0.0823
  2.33562E-17 0.0784  2.73186E-17 0.1086  2.47898E-17 0.0991  2.79551E-17 0.1093
  1.88521E-17 0.0855  2.63896E-17 0.1424  2.71744E-17 0.1579  3.03244E-17 0.1179
  2.43844E-17 0.0943  3.20353E-17 0.1071  2.47973E-17 0.0970  2.89853E-17 0.0951
  3.46016E-17 0.2712  2.75983E-17 0.1385  3.06404E-17 0.1552  2.49689E-17 0.1351
  2.86133E-17 0.1137  2.62402E-17 0.0988  2.14086E-17 0.1106  2.31971E-17 0.1583
  2.48520E-17 0.0924  2.04344E-17 0.1038  3.04410E-17 0.1442  2.86349E-17 0.2325
  2.17750E-17 0.1430  2.58952E-17 0.1588  2.40691E-17 0.1338  3.53348E-17 0.2083
  2.47190E-17 0.1156  1.88690E-17 0.0946  2.50368E-17 0.1948  1.96362E-17 0.1059
  2.39240E-17 0.1232  2.11755E-17 0.1227  1.81559E-17 0.1004  1.99303E-17 0.0945
  1.68879E-17 0.0895  2.04207E-17 0.1317  2.63706E-17 0.1285  2.22393E-17 0.1147
  1.66158E-17 0.1026  2.41012E-17 0.1876  1.67228E-17 0.0936  2.52187E-17 0.1767
  2.97857E-17 0.4126  1.75011E-17 0.0959  2.12952E-17 0.1054  2.37210E-17 0.2108
  2.00129E-17 0.1166  1.84227E-17 0.1315  5.78364E-17 0.6960  2.22321E-17 0.1642
  2.22634E-17 0.1499  1.76560E-17 0.1199  1.39303E-17 0.1057  1.90384E-17 0.1124
  1.71703E-17 0.1348  1.60092E-17 0.1101  1.75209E-17 0.1199  1.68783E-17 0.1599
  1.56844E-17 0.1658  1.64458E-17 0.1181  2.94999E-17 0.2314  2.08204E-17 0.1371
  1.68418E-17 0.1569  1.57879E-17 0.1263  1.60784E-17 0.1091  1.73246E-17 0.1173
  1.60942E-17 0.1162  1.94814E-17 0.1153  2.06445E-17 0.1827  1.68610E-17 0.2433
  1.42041E-17 0.1406  1.67504E-17 0.1229  1.53482E-17 0.1375  1.82299E-17 0.1331
  1.55200E-17 0.1925  1.82798E-17 0.1498  1.91313E-17 0.2410  1.94674E-17 0.1314
  1.35473E-17 0.1449  1.55481E-17 0.1295  1.72452E-17 0.1436  1.66049E-17 0.1293
  1.75090E-17 0.2249  1.32231E-17 0.1346  1.48831E-17 0.1026  1.44320E-17 0.1593
  1.69224E-17 0.1592  1.48229E-17 0.1456  1.35463E-17 0.1713  1.62532E-17 0.1347
  1.89087E-17 0.1878  1.66210E-17 0.1357  1.69770E-17 0.2252  1.39215E-17 0.1854
  1.44303E-17 0.1306  2.06270E-17 0.2161  1.53204E-17 0.1133  1.01534E-17 0.1193
  1.21235E-17 0.1288  9.96926E-18 0.1353  1.28231E-17 0.1023  1.29470E-17 0.1355
  2.37760E-17 0.4973  1.69106E-17 0.2002  1.08274E-17 0.1258  1.81894E-17 0.2110
  1.42673E-17 0.1625  1.08131E-17 0.1057  1.17419E-17 0.1627  1.37700E-17 0.1919
  1.08847E-17 0.1331  1.04252E-17 0.1244  1.06093E-17 0.1207  1.34140E-17 0.2241
  1.08749E-17 0.1282  1.47144E-17 0.1557  1.06193E-17 0.1494  1.37657E-17 0.2797
  1.31256E-17 0.1329  1.17108E-17 0.1242  1.49561E-17 0.1932  9.53132E-18 0.1163
  1.61998E-17 0.1226  1.38118E-17 0.1911  1.54621E-17 0.1713  1.08456E-17 0.1444
  1.51110E-17 0.1408  1.22370E-17 0.1434  9.33430E-18 0.1311  1.07138E-17 0.1372
  1.22062E-17 0.2025  1.17202E-17 0.1575  1.87558E-17 0.2312  9.85169E-18 0.1279
  1.22336E-17 0.1568  8.56065E-18 0.1576  1.38833E-17 0.2841  8.79977E-18 0.1211
  1.01718E-17 0.1404  1.04458E-17 0.1153  1.13437E-17 0.1265  1.16682E-17 0.1497
  1.05631E-17 0.1346  1.14945E-17 0.1825  1.01695E-17 0.1731  8.74273E-18 0.1142
  9.95596E-18 0.1414  1.18786E-17 0.1552  1.57699E-17 0.2406  8.44196E-18 0.1383
  9.07212E-18 0.1254  1.09323E-17 0.1599  1.48895E-17 0.2811  9.55476E-18 0.1196
  8.10333E-18 0.1281  1.04786E-17 0.1580  8.14008E-18 0.1098  1.06447E-17 0.2592
  1.26706E-17 0.2063  8.11749E-18 0.1630  7.63885E-18 0.1318  8.12614E-18 0.1935
  7.45433E-18 0.1561  1.09232E-17 0.2780  8.92258E-18 0.1342  1.14038E-17 0.2732
  1.22011E-17 0.1917  4.22996E-17 0.0769  4.35038E-17 0.0800  3.95847E-17 0.0828
  4.23350E-17 0.0809  3.75355E-17 0.0658  4.40135E-17 0.0872  4.73430E-17 0.0931
  3.73913E-17 0.0780  3.66509E-17 0.0981  3.93974E-17 0.0812  3.75977E-17 0.0850
  3.88519E-17 0.0924  3.70956E-17 0.1145  3.40088E-17 0.0810  3.64880E-17 0.1219
  3.88753E-17 0.0895  3.20563E-17 0.0776  2.82611E-17 0.0693  2.65715E-17 0.0965
  2.69220E-17 0.0803  3.13371E-17 0.1217  3.35378E-17 0.0996  2.88404E-17 0.0825
  3.18911E-17 0.1080  3.49831E-17 0.1807  2.84998E-17 0.1089  2.97185E-17 0.1088
  2.54022E-17 0.0785  2.43782E-17 0.0785  2.91816E-17 0.1441  2.45105E-17 0.0920
  2.44279E-17 0.1030  2.33450E-17 0.0944  2.26256E-17 0.0830  2.78813E-17 0.1338
  2.09345E-17 0.1194  2.10215E-17 0.0828  2.81030E-17 0.1272  2.15935E-17 0.0917
  1.97441E-17 0.0804  6.82370E-15 0.0201
tfc    4       1       1       1       1       1       1       1     342
     500000  6.33001E-15  3.90806E-02  3.73788E+00
    1000000  6.73768E-15  2.72996E-02  3.79118E+00
    1500000  6.76404E-15  2.24795E-02  3.73296E+00
    2000000  6.82370E-15  2.01276E-02  3.47844E+00
