wwe:n  1.0000E+02
wwn1:n    5.0000E-01  8.3314E-02  3.4525E-02  1.5899E-02  8.5927E-03
          5.0160E-03  3.2404E-03  2.1871E-03  1.1107E-03  1.1401E-03
          8.6023E-04  5.0832E-04  3.5703E-04  2.1806E-04  1.2198E-04
          7.8066E-05  4.9464E-05  3.8051E-05  1.8853E-02 -1.0000E+00
         -1.0000E+00
wwe:p  1.0000E+02
wwn1:p    1.1119E+00  7.1885E-01  1.5775E-01  6.4419E-02  3.3395E-02
          1.4116E-02  1.4204E-02  8.9533E-03  7.5764E-03  5.4307E-03
          3.2582E-03  2.1108E-03  9.3469E-04  4.6976E-04  3.0027E-04
          1.5281E-04  6.5200E-05  2.2572E-05  1.2573E-02 -1.0000E+00
         -1.0000E+00
