duct7:  use duct3 window + dxtran for photons
c
11     100  -4.00   -2   1 20
12     100  -4.00   -3   2 20
13     100  -4.00   -4   3 20
14     100  -4.00   -5   4 20
15     100  -4.00   -6   5 20
16     100  -4.00   -7   6 20
17     100  -4.00   -8   7 20
18     100  -4.00   -9   8 20
19     100  -4.00   -10  9 20
20     100  -4.00   -11  10 20
21     100  -4.00   -12  11 20
22     100  -4.00   -13  12 20
23     100  -4.00   -14  13 20
24     100  -4.00   -15  14 20
25     100  -4.00   -16  15 20
26     100  -4.00   -17  16 20
27     100  -4.00   -18  17 20
28     100  -4.00   -19  18 20
29       0   1      -19 -20
91       0           -1
92       0           19
 
 1     py  0
 2     py  10
 3     py  20
 4     py  30
 5     py  40
 6     py  50
 7     py  60
 8     py  70
 9     py  80
10     py  90
11     py  100
12     py  110
13     py  120
14     py  130
15     py  140
16     py  150
17     py  160
18     py  170
19     py  180
20     cy   10.0
 
mode   n p
c   concrete
m100
        1001.50c  -.010
        8016.50c  -.529
       11023.51c  -.016
       12000.51c  -.002
       13027.50c  -.034
       14000.51c  -.337
       19000.51c  -.013
       20000.51c  -.044
       26000.55c  -.014
        6012.50c  -.001
c
sdef   x=-22.01 y=1.e-6 z=0 cel=11 wgt=1  erg=d1
si1    L   2   14
sp1      .95 .05
c
imp:n    1 18r 0 0
imp:p    1 18r 0 0
phys:p   100 1 1
c
f1:p  19
c
cut:n  1.e20 j  0 0
cut:p  1.e20 j 0 0
c
wwg   1  11  0.5
wwp:n 5  3  5  0  -1
wwp:p 5  3  5  0  -1
c
dxt:p  0  180  0  10  15
dd2    -2.45e-5  500
c
nps 200000
print
 
