wwe:n  1.0000E+02
wwn1:n    3.5267E-02  1.9920E-02  1.3287E-02  9.4503E-03  6.8322E-03
          4.8834E-03  3.5988E-03  2.5077E-03  1.8150E-03  1.2480E-03
          8.5062E-04  5.7348E-04  3.8067E-04  2.4565E-04  1.5991E-04
          1.0080E-04  6.6954E-05  6.0211E-05  5.3490E-02  2.9996E-02
          2.0887E-02  1.5442E-02  1.0833E-02  7.8325E-03  5.6317E-03
          4.1871E-03  2.9768E-03  2.0634E-03  1.3048E-03  8.6317E-04
          5.7663E-04  3.2850E-04  1.9835E-04  1.0956E-04  5.8051E-05
          4.0323E-05  1.1614E-01  5.5903E-02  3.9058E-02  2.8188E-02
          1.9888E-02  1.3531E-02  9.4846E-03  6.9700E-03  4.6868E-03
          3.4280E-03  2.1454E-03  1.4012E-03  8.6793E-04  4.9083E-04
          2.6513E-04  1.2337E-04  5.8136E-05  3.5970E-05  5.0000E-01
          1.5543E-01  1.4411E-01  1.2092E-01  7.9162E-02  4.1844E-02
          3.5750E-02  1.8128E-02  1.1936E-02  9.4156E-03  5.5492E-03
          2.9500E-03  1.7882E-03  8.9717E-04  3.8125E-04  1.5184E-04
          6.1262E-05  3.5418E-05  2.1680E-02 -1.0000E+00 -1.0000E+00
wwe:p  1.0000E+02
wwn1:p    7.0428E-02  3.8172E-02  2.7490E-02  2.0957E-02  1.5860E-02
          1.2025E-02  8.5772E-03  6.3620E-03  4.5272E-03  3.2005E-03
          2.0921E-03  1.3457E-03  8.3906E-04  5.1284E-04  2.7068E-04
          1.4912E-04  7.5105E-05  2.3438E-05  1.5102E-01  8.8511E-02
          7.1372E-02  6.3454E-02  5.1834E-02  3.9610E-02  3.1825E-02
          2.3220E-02  1.6267E-02  1.0789E-02  7.0978E-03  4.7046E-03
          2.4542E-03  1.3209E-03  6.8504E-04  3.0053E-04  1.2928E-04
          3.4050E-05  3.7258E-01  2.6265E-01  2.1037E-01  1.7999E-01
          1.5565E-01  1.2345E-01  9.0012E-02  6.2924E-02  4.1818E-02
          3.0561E-02  1.8668E-02  1.2805E-02  5.6128E-03  2.9712E-03
          1.4443E-03  5.3772E-04  1.6058E-04  3.6586E-05  1.9140E+00
          1.6050E+00  1.5298E+00  1.5039E+00  1.3881E+00  9.7663E-01
          5.5155E-01  4.3784E-01  1.7595E-01  3.4665E-01  1.7559E-01
          3.8007E-02  2.0250E-02  8.8673E-03  2.6729E-03  8.0013E-04
          1.9248E-04  3.8162E-05  1.1592E-02 -1.0000E+00 -1.0000E+00
