wwe:n  1.0000E+02
wwn1:n    0.0000E+00  0.0000E+00  0.0000E+00  0.0000E+00  0.0000E+00
          0.0000E+00  0.0000E+00  0.0000E+00  0.0000E+00  0.0000E+00
          0.0000E+00  0.0000E+00  0.0000E+00  0.0000E+00  0.0000E+00
          0.0000E+00  0.0000E+00  0.0000E+00  0.0000E+00  0.0000E+00
          0.0000E+00  0.0000E+00  0.0000E+00  0.0000E+00  0.0000E+00
          0.0000E+00  0.0000E+00  0.0000E+00  0.0000E+00  0.0000E+00
          0.0000E+00  0.0000E+00  0.0000E+00  0.0000E+00  0.0000E+00
          0.0000E+00  0.0000E+00  0.0000E+00  0.0000E+00  0.0000E+00
          0.0000E+00  0.0000E+00  0.0000E+00  0.0000E+00  0.0000E+00
          0.0000E+00  0.0000E+00  0.0000E+00  0.0000E+00  0.0000E+00
          0.0000E+00  0.0000E+00  0.0000E+00  0.0000E+00  5.0000E-01
          5.0000E-01  2.5000E-01  0.0000E+00  0.0000E+00  0.0000E+00
          0.0000E+00  0.0000E+00  0.0000E+00  0.0000E+00  0.0000E+00
          0.0000E+00  0.0000E+00  0.0000E+00  0.0000E+00  0.0000E+00
          0.0000E+00  0.0000E+00  0.0000E+00 -1.0000E+00 -1.0000E+00
wwe:p  1.0000E+02
wwn1:p    0.0000E+00  0.0000E+00  0.0000E+00  0.0000E+00  0.0000E+00
          0.0000E+00  0.0000E+00  7.8420E+00  8.3014E+00  1.7448E-01
          1.1154E-01  1.3484E+01  1.2911E+00  1.4469E+00  9.3933E-01
          4.4871E-02  4.5757E-02  4.9328E-02  0.0000E+00  0.0000E+00
          0.0000E+00  0.0000E+00  0.0000E+00  0.0000E+00  0.0000E+00
          0.0000E+00  4.5221E-01  3.2455E-01  1.1090E+02  0.0000E+00
          1.8692E+00  1.6660E+00  0.0000E+00  0.0000E+00  4.7728E-02
          3.3136E-02  0.0000E+00  0.0000E+00  0.0000E+00  0.0000E+00
          0.0000E+00  0.0000E+00  0.0000E+00  6.0295E-01  6.0295E-01
          1.6674E+02  0.0000E+00  0.0000E+00  0.0000E+00  0.0000E+00
          0.0000E+00  0.0000E+00  2.0276E-01  2.9316E-02  0.0000E+00
          1.6029E+00  1.7059E+00  6.0295E-01  6.0295E-01  6.0295E-01
          6.0295E-01  6.0295E-01  0.0000E+00  0.0000E+00  0.0000E+00
          0.0000E+00  0.0000E+00  0.0000E+00  0.0000E+00  0.0000E+00
          1.1681E+00  4.8376E-02  2.3128E-01 -1.0000E+00 -1.0000E+00
