wwe:n  1.0000E+02
wwn1:n    3.5240E-02  1.9831E-02  1.3276E-02  9.3740E-03  6.7984E-03
          4.8457E-03  3.5356E-03  2.5347E-03  1.7344E-03  1.2138E-03
          8.4414E-04  5.7267E-04  3.7631E-04  2.5008E-04  1.5905E-04
          1.0121E-04  6.7077E-05  6.1698E-05  5.3579E-02  3.0398E-02
          2.0789E-02  1.4995E-02  1.1144E-02  7.8452E-03  5.8360E-03
          4.0861E-03  2.8170E-03  1.9707E-03  1.4027E-03  8.9904E-04
          5.6404E-04  3.4805E-04  2.0120E-04  1.0949E-04  5.8116E-05
          4.1251E-05  1.1544E-01  5.6139E-02  3.9938E-02  2.7709E-02
          1.9393E-02  1.3836E-02  1.0067E-02  6.8116E-03  4.7187E-03
          3.2213E-03  2.2697E-03  1.4254E-03  8.5637E-04  4.9363E-04
          2.6085E-04  1.2466E-04  5.8230E-05  3.6968E-05  5.0000E-01
          1.6066E-01  1.4539E-01  1.1943E-01  7.4823E-02  4.0477E-02
          2.5749E-02  1.5858E-02  1.1892E-02  7.9051E-03  5.3170E-03
          3.1047E-03  1.7732E-03  8.8132E-04  4.0203E-04  1.5305E-04
          6.2219E-05  3.5537E-05  2.1530E-02 -1.0000E+00 -1.0000E+00
wwe:p  1.0000E+02
wwn1:p    7.2219E-02  4.0986E-02  2.7788E-02  2.0530E-02  1.6441E-02
          1.2212E-02  8.9381E-03  6.4458E-03  4.5951E-03  2.9356E-03
          2.0739E-03  1.3847E-03  9.0691E-04  5.3803E-04  2.9143E-04
          1.5850E-04  7.7444E-05  2.3972E-05  1.5586E-01  9.3734E-02
          7.0105E-02  6.1154E-02  5.3827E-02  4.2924E-02  3.1698E-02
          2.5754E-02  1.6416E-02  1.0230E-02  6.8474E-03  4.5399E-03
          2.5103E-03  1.4697E-03  7.3246E-04  3.2499E-04  1.3547E-04
          3.4622E-05  4.5156E-01  2.5311E-01  1.9979E-01  1.7945E-01
          1.6159E-01  1.3671E-01  1.1115E-01  6.8183E-02  4.6376E-02
          4.0206E-02  2.2555E-02  1.1404E-02  5.4684E-03  3.1482E-03
          1.3892E-03  5.3330E-04  1.6362E-04  3.7540E-05  2.2559E+00
          1.5965E+00  1.7901E+00  1.6550E+00  1.2580E+00  1.3412E+00
          1.0673E+00  5.5856E-01  3.3418E-01  2.2355E-01  1.6015E-01
          3.5659E-02  1.6186E-02  5.8351E-03  2.2598E-03  7.0942E-04
          1.8829E-04  3.7982E-05  1.1755E-02 -1.0000E+00 -1.0000E+00
