wwe:n  1.0000E+02
wwn1:n    5.0000E-01  8.3425E-02  4.5285E-02  2.0446E-02  1.0486E-02
          6.2105E-03  4.1118E-03  2.7950E-03  1.9382E-03  1.3906E-03
          9.0512E-04  6.0278E-04  3.6853E-04  2.6102E-04  1.7142E-04
          1.0382E-04  6.4653E-05  5.1115E-05  2.0637E-02 -1.0000E+00
         -1.0000E+00
wwe:p  1.0000E+02
wwn1:p    6.6504E-01  3.4333E-01  2.0069E-01  1.1836E-01  6.2403E-02
          3.4623E-02  2.0623E-02  1.5222E-02  9.5336E-03  6.3646E-03
          4.1671E-03  2.7185E-03  1.9773E-03  9.5620E-04  5.4297E-04
          2.7554E-04  9.9102E-05  2.8220E-05  1.1503E-02 -1.0000E+00
         -1.0000E+00
