wwe:n  1.0000E+02
wwn1:n    5.0000E-01  8.2111E-02  4.8386E-02  2.3147E-02  9.4938E-03
          6.5875E-03  4.1290E-03  2.8274E-03  1.9952E-03  1.3460E-03
          9.0723E-04  6.5639E-04  4.2754E-04  2.6860E-04  1.6615E-04
          1.0665E-04  6.9937E-05  5.6967E-05  2.0112E-02 -1.0000E+00
         -1.0000E+00
wwe:p  1.0000E+02
wwn1:p    4.3982E-01  2.3904E-01  1.6080E-01  1.0106E-01  5.7186E-02
          2.1973E-02  1.8396E-02  1.0815E-02  7.4926E-03  6.0020E-03
          3.7083E-03  2.0510E-03  1.4003E-03  6.8429E-04  4.1020E-04
          2.0045E-04  8.0488E-05  2.7647E-05  1.1437E-02 -1.0000E+00
         -1.0000E+00
