wwe:n  1.0000E+02
wwn1:n    1.2681E-01  6.2238E-02  4.3982E-02  3.0208E-02  2.2710E-02
          1.5446E-02  1.1180E-02  7.7173E-03  5.5800E-03  4.0063E-03
          2.6298E-03  1.7814E-03  1.1477E-03  7.4224E-04  4.6322E-04
          2.9376E-04  1.9477E-04  1.8495E-04  1.6902E-01  9.1452E-02
          5.9591E-02  4.9032E-02  3.6737E-02  2.4996E-02  1.8448E-02
          1.3042E-02  9.2430E-03  6.0893E-03  3.8792E-03  2.6077E-03
          1.6346E-03  9.8551E-04  5.6082E-04  3.0577E-04  1.7199E-04
          1.3609E-04  2.7262E-01  1.6445E-01  9.4910E-02  7.9309E-02
          6.7020E-02  4.3242E-02  3.0319E-02  2.0454E-02  1.5201E-02
          9.6910E-03  6.1754E-03  4.0507E-03  2.5012E-03  1.3886E-03
          7.1044E-04  3.3970E-04  1.6922E-04  1.2617E-04  5.0000E-01
          4.3866E-01  2.8905E-01  2.4938E-01  2.3380E-01  1.5332E-01
          9.3985E-02  5.3250E-02  3.4904E-02  1.9349E-02  1.2094E-02
          8.4085E-03  4.8866E-03  2.5430E-03  1.0041E-03  4.0645E-04
          1.7964E-04  1.1850E-04  4.4122E-02 -1.0000E+00 -1.0000E+00
wwe:p  1.0000E+02
wwn1:p    1.6976E-01  6.8221E-02  7.6337E-02  6.6298E-02  7.3802E-02
          2.3307E-02  2.3588E-02  1.6130E-02  1.1009E-02  6.9456E-03
          4.9302E-03  3.3625E-03  2.0447E-03  1.2389E-03  7.1802E-04
          3.3876E-04  1.5996E-04  6.5974E-05  1.8862E+00  4.1401E-01
          4.0818E-01  4.6845E-01  2.0947E-01  9.6291E-02  6.9919E-02
          5.9976E-02  3.7954E-02  2.3602E-02  1.4772E-02  1.0177E-02
          5.4495E-03  2.9926E-03  1.5141E-03  6.9540E-04  2.7112E-04
          8.3473E-05  4.5290E+00  3.4663E+00  4.1612E+00  5.2557E-01
          3.2510E-01  3.1635E-01  5.4627E-01  1.6024E-01  1.7127E-01
          5.7552E-02  3.5509E-02  2.3690E-02  1.5365E-02  7.2267E-03
          3.1303E-03  1.1994E-03  3.9524E-04  9.5950E-05  2.7962E+01
          3.5620E+01  9.4883E+00  8.2011E+00  6.7061E+00  4.9357E+00
          5.2427E+00  1.6632E+00  7.9950E-01  2.5490E-01  1.1965E-01
          7.5990E-02  4.5913E-02  1.6589E-02  5.7554E-03  1.7833E-03
          4.7113E-04  1.0474E-04  1.5599E-02 -1.0000E+00 -1.0000E+00
