wwe:n  1.0000E+02
wwn1:n    3.5096E-02  1.9771E-02  1.3140E-02  9.2012E-03  6.5374E-03
          5.1189E-03  3.6458E-03  2.4570E-03  1.7693E-03  1.2098E-03
          8.0170E-04  5.5328E-04  3.7113E-04  2.4356E-04  1.5707E-04
          1.0251E-04  6.6246E-05  5.9796E-05  5.3943E-02  3.0492E-02
          2.0730E-02  1.4455E-02  1.0272E-02  8.3918E-03  6.5336E-03
          4.2857E-03  2.8007E-03  2.0905E-03  1.3457E-03  8.9430E-04
          5.2703E-04  3.5188E-04  1.9801E-04  1.0786E-04  5.7846E-05
          4.0370E-05  1.1592E-01  5.5784E-02  3.8980E-02  2.8092E-02
          2.0748E-02  1.4486E-02  1.1114E-02  7.6908E-03  5.5718E-03
          3.3939E-03  2.3928E-03  1.5930E-03  7.2426E-04  4.9250E-04
          2.5376E-04  1.2324E-04  5.7374E-05  3.6006E-05  5.0000E-01
          1.6017E-01  1.4026E-01  1.1209E-01  6.9412E-02  3.9754E-02
          2.2522E-02  1.4284E-02  2.4968E-02  8.2609E-03  4.7122E-03
          3.3360E-03  1.1256E-03  7.5074E-04  3.5604E-04  1.5853E-04
          6.1430E-05  3.4571E-05  2.1686E-02 -1.0000E+00 -1.0000E+00
wwe:p  1.0000E+02
wwn1:p    7.4950E-02  4.4406E-02  2.9819E-02  2.2879E-02  1.8468E-02
          1.5735E-02  1.0851E-02  6.1879E-03  2.8823E-03  2.1811E-03
          1.8522E-03  1.0931E-03  6.7920E-04  3.7353E-04  2.1704E-04
          1.1588E-04  5.3512E-05  2.1485E-05  1.5042E-01  9.4148E-02
          6.9949E-02  6.6751E-02  5.3126E-02  5.3521E-02  4.4621E-02
          2.1580E-02  1.2391E-02  1.1814E-02  6.6957E-03  4.4756E-03
          2.1537E-03  1.0223E-03  5.0837E-04  2.4759E-04  1.0054E-04
          2.9616E-05  3.9761E-01  2.5141E-01  2.3044E-01  2.2508E-01
          1.6078E-01  1.7277E-01  1.0166E-01  9.7701E-02  1.6388E-01
          5.8289E-02  2.1168E-02  1.3025E-02  4.4953E-03  2.3941E-03
          1.1119E-03  4.3531E-04  1.4888E-04  3.4165E-05  1.9492E+00
          1.5436E+00  1.9056E+00  1.8556E+00  1.1287E+00  1.5745E+00
          9.5982E-01  2.5422E+00  9.8318E-01  4.6046E+00  8.0650E-02
          3.6326E-02  1.0199E-02  5.0568E-03  1.9684E-03  6.4179E-04
          1.7526E-04  3.7400E-05  1.1265E-02 -1.0000E+00 -1.0000E+00
