wwe:n  1.0000E+02
wwn1:n    3.5362E-02  2.0055E-02  1.3367E-02  9.4118E-03  6.7321E-03
          4.7966E-03  3.5117E-03  2.5313E-03  1.8083E-03  1.2378E-03
          8.3434E-04  5.5969E-04  3.7269E-04  2.4162E-04  1.5578E-04
          1.0045E-04  6.6003E-05  5.9679E-05  5.3644E-02  3.0453E-02
          2.0903E-02  1.4949E-02  1.0716E-02  7.7948E-03  5.8547E-03
          4.1286E-03  2.8593E-03  1.9669E-03  1.3387E-03  8.5671E-04
          5.5635E-04  3.3840E-04  1.9496E-04  1.0731E-04  5.7113E-05
          4.0493E-05  1.1607E-01  5.6450E-02  3.9300E-02  2.7551E-02
          1.9445E-02  1.3993E-02  1.0291E-02  6.9448E-03  4.8182E-03
          3.2491E-03  2.1365E-03  1.3485E-03  8.5924E-04  4.8936E-04
          2.5353E-04  1.2290E-04  5.6351E-05  3.6201E-05  5.0000E-01
          1.5995E-01  1.4540E-01  1.1561E-01  7.4707E-02  4.6157E-02
          2.7531E-02  1.9820E-02  1.2015E-02  7.4008E-03  4.7844E-03
          2.9778E-03  1.6605E-03  8.1310E-04  3.6371E-04  1.4758E-04
          6.1253E-05  3.5563E-05  2.1547E-02 -1.0000E+00 -1.0000E+00
wwe:p  1.0000E+02
wwn1:p    7.5669E-02  4.4164E-02  3.1618E-02  2.4387E-02  1.8662E-02
          1.4279E-02  1.0453E-02  7.6197E-03  5.5387E-03  3.3023E-03
          2.0269E-03  1.3305E-03  8.3855E-04  5.0769E-04  2.9058E-04
          1.5677E-04  7.5789E-05  2.3344E-05  1.5643E-01  9.5814E-02
          7.5150E-02  6.4255E-02  5.4314E-02  4.5756E-02  3.6940E-02
          2.7374E-02  1.6809E-02  1.0377E-02  6.8102E-03  4.0799E-03
          2.5559E-03  1.3787E-03  6.9816E-04  3.1210E-04  1.2915E-04
          3.3752E-05  4.2403E-01  2.5870E-01  2.1031E-01  1.7631E-01
          1.5762E-01  1.3652E-01  1.1075E-01  6.8564E-02  4.4688E-02
          3.5014E-02  1.8555E-02  1.0206E-02  6.0947E-03  3.1368E-03
          1.3784E-03  5.3477E-04  1.6015E-04  3.6354E-05  2.0901E+00
          1.6287E+00  1.5273E+00  1.4078E+00  1.1779E+00  8.8762E-01
          4.6840E-01  2.7015E-01  3.0539E-01  1.8521E-01  7.9677E-02
          3.7901E-02  1.3518E-02  5.7881E-03  2.1651E-03  7.2004E-04
          1.8478E-04  3.7656E-05  1.1783E-02 -1.0000E+00 -1.0000E+00
