wwe:n  1.0000E+02
wwn1:n    1.0153E-01  5.2799E-02  4.7841E-02  3.0196E-02  2.2660E-02
          1.5473E-02  9.8085E-03  7.4839E-03  5.2167E-03  3.5895E-03
          2.3181E-03  1.5466E-03  1.0113E-03  6.8866E-04  4.5652E-04
          2.8743E-04  1.8937E-04  1.7995E-04  1.5549E-01  7.6548E-02
          6.2156E-02  4.4421E-02  3.7582E-02  1.9567E-02  1.5977E-02
          1.3304E-02  8.4822E-03  5.8454E-03  3.7312E-03  2.1833E-03
          1.4449E-03  8.7116E-04  5.3823E-04  3.0061E-04  1.7055E-04
          1.3075E-04  2.4842E-01  1.3026E-01  9.5378E-02  1.1047E-01
          5.8843E-02  2.6978E-02  2.9631E-02  2.0335E-02  1.5235E-02
          8.7776E-03  5.8792E-03  3.1809E-03  1.9978E-03  1.1349E-03
          6.5095E-04  3.4019E-04  1.6621E-04  1.2049E-04  5.0000E-01
          2.1132E-01  1.5316E-01  1.7306E-01  1.0001E-01  3.6497E-02
          4.9555E-02  6.7475E-02  4.0401E-02  1.9887E-02  1.1761E-02
          7.0290E-03  3.3470E-03  1.8639E-03  9.0962E-04  4.1342E-04
          1.7246E-04  1.1427E-04  3.7393E-02 -1.0000E+00 -1.0000E+00
wwe:p  1.0000E+02
wwn1:p    2.0545E-01  5.9428E-02  3.1967E-02  3.0704E-02  4.1304E-02
          2.8143E-02  1.4392E-02  9.3139E-03  7.2982E-03  7.7335E-03
          5.0749E-03  3.3553E-03  2.0125E-03  1.1170E-03  6.2719E-04
          3.0798E-04  1.6002E-04  6.2346E-05  3.6407E+00  3.3436E-01
          1.8702E-01  2.3820E-01  7.1244E-02  6.3744E-02  8.0024E-02
          4.4769E-02  2.5960E-02  2.1690E-02  1.8707E-02  9.3909E-03
          5.0490E-03  2.2693E-03  1.4610E-03  6.8357E-04  2.6551E-04
          8.1153E-05  7.8397E+00  3.8062E+00  1.2104E+00  4.6444E+00
          1.3135E+00  1.6625E-01  1.0813E+00  7.1532E-02  1.6009E-01
          5.6612E-02  5.9329E-02  1.7489E-02  8.5676E-03  4.1300E-03
          2.7523E-03  1.2705E-03  3.9125E-04  9.2863E-05  0.0000E+00
          0.0000E+00  0.0000E+00  7.5850E+00  3.0024E+00  4.5169E+00
          0.0000E+00  1.9448E+01  1.3595E+01  2.2445E-01  1.9868E-01
          2.5859E-01  3.0854E-02  2.2052E-02  4.8359E-03  1.6649E-03
          4.3911E-04  1.0053E-04  1.2821E-02 -1.0000E+00 -1.0000E+00
