wwe:n  1.0000E+02
wwn1:n    3.4863E-02  1.9812E-02  1.3467E-02  9.3464E-03  6.6764E-03
          4.8328E-03  3.4600E-03  2.4575E-03  1.7995E-03  1.2160E-03
          8.3752E-04  5.7271E-04  3.7870E-04  2.4175E-04  1.5700E-04
          9.9887E-05  6.6478E-05  6.0186E-05  5.3596E-02  3.0312E-02
          2.0979E-02  1.5146E-02  1.0849E-02  7.8797E-03  5.7598E-03
          3.9820E-03  2.8038E-03  1.8869E-03  1.2920E-03  9.0021E-04
          5.6110E-04  3.4021E-04  1.9564E-04  1.0695E-04  5.6737E-05
          4.0449E-05  1.1585E-01  5.6063E-02  3.9483E-02  2.9297E-02
          1.9883E-02  1.3888E-02  1.0368E-02  6.6090E-03  4.4801E-03
          3.3313E-03  2.3511E-03  1.5101E-03  9.2385E-04  4.8540E-04
          2.5508E-04  1.2315E-04  5.6312E-05  3.6318E-05  5.0000E-01
          1.5568E-01  1.4647E-01  1.1639E-01  7.0682E-02  4.0602E-02
          2.8153E-02  2.0063E-02  1.1875E-02  8.5748E-03  4.8644E-03
          3.5924E-03  2.3019E-03  8.5396E-04  3.7694E-04  1.5042E-04
          6.0288E-05  3.5316E-05  2.1415E-02 -1.0000E+00 -1.0000E+00
wwe:p  1.0000E+02
wwn1:p    7.4669E-02  4.5151E-02  3.2067E-02  2.4787E-02  1.8641E-02
          1.4504E-02  1.1440E-02  8.3442E-03  4.7526E-03  3.1023E-03
          2.1041E-03  1.3303E-03  8.7238E-04  4.9949E-04  2.8606E-04
          1.5736E-04  7.4918E-05  2.3141E-05  1.5437E-01  9.6665E-02
          7.3913E-02  6.2391E-02  5.4923E-02  4.8846E-02  4.1490E-02
          3.7311E-02  1.9583E-02  1.2161E-02  7.3689E-03  4.1569E-03
          2.7554E-03  1.3779E-03  6.8718E-04  3.2206E-04  1.2886E-04
          3.3377E-05  4.1783E-01  2.6191E-01  1.9915E-01  1.6954E-01
          1.6407E-01  1.2765E-01  1.3126E-01  9.6834E-02  1.1389E-01
          6.0032E-02  2.4571E-02  1.1043E-02  7.1341E-03  3.2256E-03
          1.3576E-03  5.0564E-04  1.6179E-04  3.6252E-05  2.0929E+00
          1.6165E+00  1.4857E+00  1.6772E+00  1.4671E+00  1.0004E+00
          1.0721E+00  7.4324E-01  2.0788E+00  5.8251E-01  9.0990E-02
          1.2150E-01  5.2841E-02  7.5407E-03  2.6424E-03  6.4729E-04
          1.7321E-04  3.7173E-05  1.1780E-02 -1.0000E+00 -1.0000E+00
