wwe:n  1.0000E+02
wwn1:n    3.4266E-02  1.9443E-02  1.3033E-02  8.7019E-03  6.7605E-03
          4.4691E-03  3.3456E-03  2.3853E-03  1.7553E-03  1.1940E-03
          8.0321E-04  5.5308E-04  3.8418E-04  2.4674E-04  1.6065E-04
          9.7465E-05  6.4757E-05  5.7586E-05  5.2347E-02  2.9520E-02
          1.9868E-02  1.4750E-02  1.0686E-02  7.1192E-03  5.5499E-03
          3.9894E-03  2.7130E-03  2.0438E-03  1.3980E-03  8.5200E-04
          5.6995E-04  3.4770E-04  1.9901E-04  1.0842E-04  5.6779E-05
          3.9952E-05  1.1380E-01  5.6243E-02  3.9819E-02  2.7718E-02
          1.7481E-02  1.2201E-02  9.3162E-03  7.1851E-03  4.7629E-03
          3.5022E-03  2.4472E-03  1.4604E-03  8.6179E-04  4.8939E-04
          2.6663E-04  1.2333E-04  5.6428E-05  3.5633E-05  5.0000E-01
          1.6218E-01  1.5587E-01  1.2795E-01  7.2060E-02  2.6743E-02
          2.0262E-02  1.3490E-02  1.3660E-02  9.2038E-03  6.6738E-03
          3.2099E-03  2.0226E-03  8.9350E-04  4.0978E-04  1.4414E-04
          5.9489E-05  3.4385E-05  2.1286E-02 -1.0000E+00 -1.0000E+00
wwe:p  1.0000E+02
wwn1:p    7.1890E-02  4.0440E-02  2.8165E-02  2.0948E-02  1.6192E-02
          1.1503E-02  8.1761E-03  6.0536E-03  4.8236E-03  2.6377E-03
          2.1302E-03  1.3124E-03  9.1475E-04  5.2906E-04  2.6686E-04
          1.5312E-04  7.4932E-05  2.3707E-05  1.5730E-01  9.4688E-02
          6.8161E-02  5.9730E-02  4.4221E-02  3.4837E-02  2.8145E-02
          2.6153E-02  1.3744E-02  8.6884E-03  6.3360E-03  3.9557E-03
          2.4891E-03  1.3261E-03  7.1747E-04  3.1178E-04  1.2917E-04
          3.4312E-05  4.5617E-01  2.6732E-01  2.1615E-01  1.6126E-01
          1.3341E-01  1.1103E-01  1.0954E-01  3.9112E-02  2.6607E-02
          5.4639E-02  2.5880E-02  1.2530E-02  4.8840E-03  3.0282E-03
          1.3774E-03  5.1700E-04  1.5673E-04  3.6629E-05  2.4972E+00
          1.6984E+00  1.7531E+00  1.2495E+00  8.0343E-01  1.0754E+00
          6.6549E-01  7.5418E-01  4.6216E-01  3.5168E-01  3.5231E-01
          9.4579E-02  1.8916E-02  5.5507E-03  2.1691E-03  7.0187E-04
          1.7998E-04  3.6702E-05  1.1651E-02 -1.0000E+00 -1.0000E+00
