wwe:n  1.0000E+02
wwn1:n    3.5172E-02  1.9924E-02  1.3381E-02  9.3987E-03  6.7137E-03
          4.8319E-03  3.5285E-03  2.5361E-03  1.8272E-03  1.2590E-03
          8.2533E-04  5.5645E-04  3.6856E-04  2.3989E-04  1.5483E-04
          1.0001E-04  6.5816E-05  5.9752E-05  5.3494E-02  3.0407E-02
          2.1044E-02  1.5054E-02  1.0883E-02  7.8583E-03  5.7411E-03
          4.0992E-03  3.0032E-03  2.0296E-03  1.3578E-03  8.6694E-04
          5.4639E-04  3.3456E-04  1.9455E-04  1.0833E-04  5.7405E-05
          4.0328E-05  1.1592E-01  5.6565E-02  3.9610E-02  2.7716E-02
          1.9906E-02  1.3557E-02  9.7658E-03  7.2236E-03  5.2812E-03
          3.5697E-03  2.2907E-03  1.3786E-03  8.4073E-04  4.7716E-04
          2.5597E-04  1.2389E-04  5.6641E-05  3.6118E-05  5.0000E-01
          1.5929E-01  1.4507E-01  1.1497E-01  7.1091E-02  4.5169E-02
          2.7959E-02  2.0269E-02  1.4169E-02  9.9431E-03  5.4291E-03
          2.9352E-03  1.6304E-03  7.8851E-04  3.8034E-04  1.5214E-04
          6.1465E-05  3.5104E-05  2.1525E-02 -1.0000E+00 -1.0000E+00
wwe:p  1.0000E+02
wwn1:p    7.7004E-02  4.4645E-02  3.2306E-02  2.4939E-02  1.9080E-02
          1.4647E-02  1.0804E-02  7.9399E-03  4.7559E-03  3.1024E-03
          2.1592E-03  1.3558E-03  8.5466E-04  5.0739E-04  2.8833E-04
          1.5917E-04  7.7424E-05  2.3410E-05  1.5640E-01  9.7214E-02
          7.6613E-02  6.5484E-02  5.6598E-02  4.8466E-02  3.9278E-02
          3.2287E-02  1.9941E-02  1.2333E-02  7.9760E-03  4.4358E-03
          2.5115E-03  1.3452E-03  6.7820E-04  3.1372E-04  1.3135E-04
          3.3948E-05  4.2618E-01  2.6067E-01  2.1025E-01  1.8333E-01
          1.6363E-01  1.4443E-01  1.0965E-01  9.4985E-02  7.7091E-02
          4.5520E-02  2.3764E-02  1.2292E-02  6.7988E-03  2.9332E-03
          1.4056E-03  5.3233E-04  1.6225E-04  3.6515E-05  2.1699E+00
          1.6662E+00  1.5586E+00  1.5020E+00  1.4351E+00  1.4942E+00
          9.6484E-01  5.7775E-01  4.5051E-01  2.7454E-01  9.9331E-02
          3.6360E-02  1.5727E-02  5.8589E-03  2.3357E-03  7.5388E-04
          1.8727E-04  3.7676E-05  1.1781E-02 -1.0000E+00 -1.0000E+00
