wwe:n  1.0000E+02
wwn1:n    5.0000E-01  5.0000E-01  0.0000E+00  0.0000E+00  0.0000E+00
          0.0000E+00  0.0000E+00  0.0000E+00  0.0000E+00  0.0000E+00
          0.0000E+00  0.0000E+00  0.0000E+00  0.0000E+00  0.0000E+00
          0.0000E+00  0.0000E+00  0.0000E+00  3.3333E-01 -1.0000E+00
         -1.0000E+00
wwe:p  1.0000E+02
wwn1:p    5.8807E-01  5.8807E-01  0.0000E+00  0.0000E+00  0.0000E+00
          0.0000E+00  0.0000E+00  0.0000E+00  0.0000E+00  0.0000E+00
          0.0000E+00  0.0000E+00  0.0000E+00  0.0000E+00  0.0000E+00
          0.0000E+00  0.0000E+00  0.0000E+00  5.8807E-01 -1.0000E+00
         -1.0000E+00
