wwe:n  1.0000E+02
wwn1:n    5.0000E-01  8.5375E-02  4.4248E-02  1.9823E-02  9.9329E-03
          6.1712E-03  4.0796E-03  2.9664E-03  2.0070E-03  1.4393E-03
          1.0321E-03  6.4280E-04  4.2988E-04  2.7732E-04  1.7909E-04
          1.1112E-04  6.9246E-05  5.4196E-05  2.0592E-02 -1.0000E+00
         -1.0000E+00
wwe:p  1.0000E+02
wwn1:p    6.1043E-01  3.7054E-01  2.0004E-01  1.1655E-01  7.0240E-02
          3.3103E-02  2.1937E-02  1.5736E-02  1.0201E-02  7.0010E-03
          5.0772E-03  3.0220E-03  1.4978E-03  9.6345E-04  5.8881E-04
          2.9095E-04  1.0679E-04  3.0121E-05  1.1784E-02 -1.0000E+00
         -1.0000E+00
