wwe:n  1.0000E+02
wwn1:n    5.0000E-01  7.6421E-02  4.2412E-02  1.9761E-02  8.5354E-03
          5.7588E-03  3.7334E-03  2.3954E-03  1.7394E-03  1.2452E-03
          8.4914E-04  5.6577E-04  3.8148E-04  2.4872E-04  1.6063E-04
          9.8309E-05  6.1984E-05  5.0081E-05  1.8006E-02 -1.0000E+00
         -1.0000E+00
wwe:p  1.0000E+02
wwn1:p    4.5138E-01  3.2633E-01  1.8383E-01  7.0950E-02  3.0990E-02
          1.5830E-02  1.0949E-02  9.9639E-03  6.0768E-03  4.9364E-03
          3.5674E-03  1.9276E-03  1.2291E-03  7.8795E-04  3.9336E-04
          1.9460E-04  7.9783E-05  2.6791E-05  1.1268E-02 -1.0000E+00
         -1.0000E+00
