wwe:n  1.0000E+02
wwn1:n    5.0000E-01  5.0000E-01  0.0000E+00  0.0000E+00  0.0000E+00
          0.0000E+00  0.0000E+00  0.0000E+00  0.0000E+00  0.0000E+00
          0.0000E+00  0.0000E+00  0.0000E+00  0.0000E+00  0.0000E+00
          0.0000E+00  0.0000E+00  0.0000E+00  0.0000E+00 -1.0000E+00
         -1.0000E+00
wwe:p  1.0000E+02
wwn1:p    0.0000E+00  1.1422E+00  1.6317E-01  0.0000E+00  0.0000E+00
          0.0000E+00  0.0000E+00  0.0000E+00  0.0000E+00  0.0000E+00
          0.0000E+00  0.0000E+00  0.0000E+00  0.0000E+00  7.6355E+00
          6.4930E-01  1.6383E-01  6.5066E-02  1.6317E-01 -1.0000E+00
         -1.0000E+00
