wwe:n  1.0000E+02
wwn1:n    3.4827E-02  1.9705E-02  1.3368E-02  9.2467E-03  6.5422E-03
          4.8537E-03  3.5203E-03  2.4668E-03  1.7474E-03  1.2385E-03
          8.1343E-04  5.6287E-04  3.6558E-04  2.3780E-04  1.5742E-04
          9.9008E-05  6.5945E-05  6.0343E-05  5.3253E-02  2.9938E-02
          2.0925E-02  1.4939E-02  1.0876E-02  7.8797E-03  5.6292E-03
          3.8593E-03  2.7657E-03  1.9849E-03  1.3638E-03  8.3867E-04
          5.2798E-04  3.2644E-04  1.9466E-04  1.0657E-04  5.7411E-05
          4.0768E-05  1.1508E-01  5.5528E-02  3.8913E-02  2.6741E-02
          1.9373E-02  1.3972E-02  9.6608E-03  6.5641E-03  4.7339E-03
          3.4296E-03  2.1583E-03  1.3189E-03  8.0252E-04  4.6791E-04
          2.5368E-04  1.2565E-04  5.7426E-05  3.6040E-05  5.0000E-01
          1.5902E-01  1.4427E-01  1.0886E-01  6.6899E-02  4.3910E-02
          2.3932E-02  1.6337E-02  1.0148E-02  6.5803E-03  4.9861E-03
          3.0830E-03  1.6468E-03  7.4008E-04  3.8109E-04  1.6475E-04
          6.1417E-05  3.4046E-05  2.1317E-02 -1.0000E+00 -1.0000E+00
wwe:p  1.0000E+02
wwn1:p    7.5029E-02  4.3671E-02  3.1050E-02  2.5200E-02  1.9304E-02
          1.4679E-02  1.1009E-02  7.2730E-03  4.3163E-03  3.0049E-03
          2.1697E-03  1.4198E-03  8.6173E-04  5.0166E-04  2.8427E-04
          1.6227E-04  7.4045E-05  2.2931E-05  1.5419E-01  9.5672E-02
          7.6684E-02  6.8396E-02  5.7946E-02  5.0769E-02  4.0559E-02
          3.0322E-02  1.6901E-02  1.2394E-02  7.5346E-03  4.3365E-03
          2.4813E-03  1.3452E-03  6.6606E-04  3.1305E-04  1.3042E-04
          3.3437E-05  4.1937E-01  2.6637E-01  2.2444E-01  1.8439E-01
          1.6174E-01  1.6039E-01  1.4325E-01  9.7182E-02  1.0273E-01
          6.7308E-02  2.1794E-02  1.0584E-02  6.8440E-03  3.2063E-03
          1.3298E-03  5.3011E-04  1.6342E-04  3.6314E-05  2.2825E+00
          1.9135E+00  1.5790E+00  1.4099E+00  1.5745E+00  1.1727E+00
          9.8107E-01  1.2135E+00  4.9075E-01  2.6820E-01  6.8708E-02
          1.9385E-02  9.7533E-03  5.0761E-03  2.0750E-03  7.0525E-04
          1.8287E-04  3.7403E-05  1.1638E-02 -1.0000E+00 -1.0000E+00
