wwe:n  1.0000E+02
wwn1:n    3.5036E-02  1.9991E-02  1.3380E-02  9.3890E-03  6.7792E-03
          4.8231E-03  3.3951E-03  2.4380E-03  1.6790E-03  1.1745E-03
          8.1450E-04  5.5669E-04  3.6955E-04  2.4123E-04  1.5764E-04
          1.0184E-04  6.6144E-05  5.8519E-05  5.3890E-02  3.0468E-02
          2.1067E-02  1.5162E-02  1.1164E-02  7.9426E-03  5.6624E-03
          4.0040E-03  2.7467E-03  1.8408E-03  1.3122E-03  8.6330E-04
          5.4170E-04  3.3302E-04  1.9742E-04  1.0619E-04  5.7326E-05
          3.9511E-05  1.1656E-01  5.6508E-02  3.9616E-02  2.8153E-02
          1.9911E-02  1.4092E-02  9.6352E-03  6.3905E-03  5.0149E-03
          3.1298E-03  2.1067E-03  1.3781E-03  8.2834E-04  4.5592E-04
          2.5032E-04  1.2055E-04  5.7537E-05  3.5549E-05  5.0000E-01
          1.5779E-01  1.4443E-01  1.1828E-01  7.8090E-02  4.6343E-02
          2.7941E-02  1.6774E-02  1.2431E-02  7.7097E-03  4.0751E-03
          2.5896E-03  1.6037E-03  7.8146E-04  3.4549E-04  1.5488E-04
          6.0105E-05  3.4622E-05  2.1359E-02 -1.0000E+00 -1.0000E+00
wwe:p  1.0000E+02
wwn1:p    7.4453E-02  4.5651E-02  3.2812E-02  2.5087E-02  1.9273E-02
          1.4912E-02  1.0838E-02  8.0070E-03  4.6106E-03  3.1258E-03
          2.1329E-03  1.3817E-03  8.6902E-04  5.0706E-04  2.8970E-04
          1.5668E-04  7.4845E-05  2.3352E-05  1.5556E-01  9.9370E-02
          7.7159E-02  6.4797E-02  5.6069E-02  4.8654E-02  4.1792E-02
          3.0997E-02  1.6659E-02  1.1408E-02  6.9116E-03  3.9699E-03
          2.3461E-03  1.3245E-03  6.5593E-04  2.9868E-04  1.2937E-04
          3.3787E-05  4.2662E-01  2.7000E-01  2.0826E-01  1.8114E-01
          1.8009E-01  1.6531E-01  1.1675E-01  9.1990E-02  8.5748E-02
          4.7071E-02  2.0271E-02  1.0568E-02  5.9841E-03  2.8304E-03
          1.1697E-03  4.7206E-04  1.6043E-04  3.6175E-05  2.2726E+00
          1.9261E+00  1.6737E+00  1.4546E+00  1.1904E+00  8.8964E-01
          7.6438E-01  1.2636E+00  6.3640E-01  1.7618E-01  1.3507E-01
          2.6999E-02  1.9519E-02  7.9921E-03  2.6563E-03  7.2380E-04
          1.8058E-04  3.7085E-05  1.1792E-02 -1.0000E+00 -1.0000E+00
