duct13:  geometry enhanced duct problem, window from duct12 + dxt:p
c        wwinp=ww13str
c
11     100  -4.00   -2    1  20 -21
12     100  -4.00   -3    2  20 -21
13     100  -4.00   -4    3  20 -21
14     100  -4.00   -5    4  20 -21
15     100  -4.00   -6    5  20 -21
16     100  -4.00   -7    6  20 -21
17     100  -4.00   -8    7  20 -21
18     100  -4.00   -9    8  20 -21
19     100  -4.00   -10   9  20 -21
20     100  -4.00   -11  10  20 -21
21     100  -4.00   -12  11  20 -21
22     100  -4.00   -13  12  20 -21
23     100  -4.00   -14  13  20 -21
24     100  -4.00   -15  14  20 -21
25     100  -4.00   -16  15  20 -21
26     100  -4.00   -17  16  20 -21
27     100  -4.00   -18  17  20 -21
28     100  -4.00   -19  18  20 -21
c
1011   100  -4.00   -2    1  21 -22
1012   100  -4.00   -3    2  21 -22
1013   100  -4.00   -4    3  21 -22
1014   100  -4.00   -5    4  21 -22
1015   100  -4.00   -6    5  21 -22
1016   100  -4.00   -7    6  21 -22
1017   100  -4.00   -8    7  21 -22
1018   100  -4.00   -9    8  21 -22
1019   100  -4.00   -10   9  21 -22
1020   100  -4.00   -11  10  21 -22
1021   100  -4.00   -12  11  21 -22
1022   100  -4.00   -13  12  21 -22
1023   100  -4.00   -14  13  21 -22
1024   100  -4.00   -15  14  21 -22
1025   100  -4.00   -16  15  21 -22
1026   100  -4.00   -17  16  21 -22
1027   100  -4.00   -18  17  21 -22
1028   100  -4.00   -19  18  21 -22
c
2011   100  -4.00   -2    1  22 -23
2012   100  -4.00   -3    2  22 -23
2013   100  -4.00   -4    3  22 -23
2014   100  -4.00   -5    4  22 -23
2015   100  -4.00   -6    5  22 -23
2016   100  -4.00   -7    6  22 -23
2017   100  -4.00   -8    7  22 -23
2018   100  -4.00   -9    8  22 -23
2019   100  -4.00   -10   9  22 -23
2020   100  -4.00   -11  10  22 -23
2021   100  -4.00   -12  11  22 -23
2022   100  -4.00   -13  12  22 -23
2023   100  -4.00   -14  13  22 -23
2024   100  -4.00   -15  14  22 -23
2025   100  -4.00   -16  15  22 -23
2026   100  -4.00   -17  16  22 -23
2027   100  -4.00   -18  17  22 -23
2028   100  -4.00   -19  18  22 -23
c
3011   100  -4.00   -2    1  23
3012   100  -4.00   -3    2  23
3013   100  -4.00   -4    3  23
3014   100  -4.00   -5    4  23
3015   100  -4.00   -6    5  23
3016   100  -4.00   -7    6  23
3017   100  -4.00   -8    7  23
3018   100  -4.00   -9    8  23
3019   100  -4.00   -10   9  23
3020   100  -4.00   -11  10  23
3021   100  -4.00   -12  11  23
3022   100  -4.00   -13  12  23
3023   100  -4.00   -14  13  23
3024   100  -4.00   -15  14  23
3025   100  -4.00   -16  15  23
3026   100  -4.00   -17  16  23
3027   100  -4.00   -18  17  23
3028   100  -4.00   -19  18  23
c
9929     0   1      -19 -20
9991     0           -1
9992     0           19
 
 1     py  0
 2     py  10
 3     py  20
 4     py  30
 5     py  40
 6     py  50
 7     py  60
 8     py  70
 9     py  80
10     py  90
11     py  100
12     py  110
13     py  120
14     py  130
15     py  140
16     py  150
17     py  160
18     py  170
19     py  180
20     cy   10.0
21     cy   12.0
22     cy   15.0
23     cy   20.0
 
mode   n p
c   concrete
m100
        1001.50c  -.010
        8016.50c  -.529
       11023.51c  -.016
       12000.51c  -.002
       13027.50c  -.034
       14000.51c  -.337
       19000.51c  -.013
       20000.51c  -.044
       26000.55c  -.014
        6012.50c  -.001
c
sdef   x=-22.01 y=1.e-6 z=0 cel=3011 wgt=1  erg=d1
si1    L   2   14
sp1      .95 .05
c
imp:n    1 72r 0 0
imp:p    1 72r 0 0
phys:p   100 1 1
c
f1:p  19
c
cut:n  1.e20 j 0 0
cut:p  1.e20 j 0 0
c
wwg   1  3011  0.5
wwp:n 5  3  5  0  -1 
wwp:p 5  3  5  0  -1
c
dxt:p  0  180  0  10  15
dd2    -2.45e-5  500
c
nps 200000
print
 
