wwe:n  1.0000E+02
wwn1:n    0.0000E+00  1.2500E-01  9.3853E-02  3.1284E-02  1.5642E-02
          1.5642E-02  2.8010E+00  9.6685E-01  0.0000E+00  0.0000E+00
          3.5633E-01  7.7026E-02  1.1212E+00  0.0000E+00  0.0000E+00
          0.0000E+00  0.0000E+00  0.0000E+00  0.0000E+00  1.2500E-01
          9.3853E-02  3.1284E-02  1.5642E-02  1.5642E-02  2.7374E-02
          0.0000E+00  0.0000E+00  0.0000E+00  2.4280E-01  2.4280E-01
          5.6061E-01  5.6061E-01  0.0000E+00  0.0000E+00  0.0000E+00
          0.0000E+00  5.0000E-01  2.5000E-01  0.0000E+00  3.1284E-02
          0.0000E+00  1.5642E-02  1.5642E-02  0.0000E+00  0.0000E+00
          0.0000E+00  2.4280E-01  0.0000E+00  5.6061E-01  5.6061E-01
          0.0000E+00  0.0000E+00  0.0000E+00  0.0000E+00  5.0000E-01
          0.0000E+00  0.0000E+00  0.0000E+00  0.0000E+00  6.3580E+00
          6.3580E+00  0.0000E+00  0.0000E+00  0.0000E+00  0.0000E+00
          0.0000E+00  0.0000E+00  0.0000E+00  0.0000E+00  0.0000E+00
          0.0000E+00  0.0000E+00  4.7316E-02 -1.0000E+00 -1.0000E+00
wwe:p  1.0000E+02
wwn1:p    0.0000E+00  0.0000E+00  0.0000E+00  0.0000E+00  0.0000E+00
          0.0000E+00  0.0000E+00  0.0000E+00  1.3494E-01  1.3442E-01
          2.0632E+00  2.0333E+00  0.0000E+00  2.2103E+00  1.2088E+00
          1.4002E-01  4.0083E-01  3.2849E-02  0.0000E+00  0.0000E+00
          0.0000E+00  0.0000E+00  0.0000E+00  0.0000E+00  0.0000E+00
          0.0000E+00  1.3354E-01  1.3374E-01  3.3724E+00  0.0000E+00
          0.0000E+00  0.0000E+00  0.0000E+00  0.0000E+00  1.8976E+00
          2.9950E-01  0.0000E+00  0.0000E+00  0.0000E+00  0.0000E+00
          0.0000E+00  0.0000E+00  1.1332E-01  1.6509E-01  8.2545E-02
          0.0000E+00  0.0000E+00  0.0000E+00  0.0000E+00  0.0000E+00
          0.0000E+00  0.0000E+00  0.0000E+00  8.6274E-02  0.0000E+00
          0.0000E+00  0.0000E+00  0.0000E+00  0.0000E+00  0.0000E+00
          0.0000E+00  0.0000E+00  0.0000E+00  0.0000E+00  0.0000E+00
          0.0000E+00  0.0000E+00  0.0000E+00  0.0000E+00  0.0000E+00
          0.0000E+00  0.0000E+00  1.4057E-01 -1.0000E+00 -1.0000E+00
