wwe:n  1.0000E+02
wwn1:n    3.4645E-02  1.9738E-02  1.3186E-02  9.3853E-03  6.8757E-03
          4.8368E-03  3.5626E-03  2.5359E-03  1.8220E-03  1.2295E-03
          7.9625E-04  5.4470E-04  3.7206E-04  2.3974E-04  1.5521E-04
          9.9194E-05  6.5139E-05  5.9379E-05  5.2981E-02  3.0404E-02
          2.1039E-02  1.5015E-02  1.1170E-02  8.0261E-03  5.9541E-03
          3.9810E-03  3.0036E-03  1.9932E-03  1.2770E-03  8.6133E-04
          5.5029E-04  3.3706E-04  1.9505E-04  1.0822E-04  5.6704E-05
          4.0256E-05  1.1526E-01  5.6679E-02  3.9448E-02  2.7412E-02
          2.0452E-02  1.4599E-02  1.0655E-02  7.4451E-03  5.1719E-03
          3.5641E-03  2.0183E-03  1.3390E-03  8.4898E-04  4.6347E-04
          2.5500E-04  1.2053E-04  5.5792E-05  3.6252E-05  5.0000E-01
          1.5881E-01  1.4343E-01  1.1379E-01  7.5606E-02  5.0376E-02
          2.8732E-02  1.7409E-02  1.4303E-02  9.7191E-03  4.5096E-03
          3.0617E-03  1.5157E-03  9.0977E-04  3.8195E-04  1.3982E-04
          6.0399E-05  3.4775E-05  2.1357E-02 -1.0000E+00 -1.0000E+00
wwe:p  1.0000E+02
wwn1:p    7.8712E-02  4.5166E-02  3.1848E-02  2.5225E-02  1.9215E-02
          1.4846E-02  1.0706E-02  7.7482E-03  4.8063E-03  3.1438E-03
          2.1651E-03  1.3621E-03  8.8210E-04  5.0518E-04  2.8308E-04
          1.6087E-04  7.6515E-05  2.3317E-05  1.5780E-01  9.6507E-02
          7.5673E-02  6.5697E-02  5.8443E-02  4.6410E-02  3.7522E-02
          3.4060E-02  2.2647E-02  1.2492E-02  8.8167E-03  4.3907E-03
          2.6106E-03  1.2788E-03  6.8219E-04  3.2517E-04  1.3618E-04
          3.3528E-05  4.2168E-01  2.6715E-01  2.1849E-01  1.7965E-01
          1.7109E-01  1.5779E-01  1.5208E-01  1.2199E-01  8.8088E-02
          3.6199E-02  2.2468E-02  1.3810E-02  7.2853E-03  2.6326E-03
          1.5304E-03  5.3410E-04  1.6995E-04  3.6508E-05  2.2541E+00
          1.7023E+00  1.5742E+00  1.5704E+00  1.7863E+00  1.7768E+00
          1.4642E+00  3.8481E-01  2.1766E-01  3.0336E-01  1.2251E-01
          6.3727E-02  1.4932E-02  5.5321E-03  2.6462E-03  8.2299E-04
          1.9189E-04  3.8470E-05  1.1812E-02 -1.0000E+00 -1.0000E+00
