wwe:n  1.0000E+02
wwn1:n    3.3198E-02  2.0366E-02  1.2453E-02  8.4160E-03  6.4158E-03
          4.5638E-03  3.1997E-03  2.2908E-03  1.6802E-03  1.2600E-03
          8.3596E-04  5.7016E-04  3.7397E-04  2.3824E-04  1.5216E-04
          9.6294E-05  6.2770E-05  5.7697E-05  5.1020E-02  3.1812E-02
          2.1617E-02  1.3227E-02  1.0060E-02  7.9744E-03  5.3244E-03
          3.4780E-03  3.3898E-03  2.4414E-03  1.4407E-03  9.2058E-04
          5.7553E-04  3.3000E-04  1.8871E-04  1.0309E-04  5.5361E-05
          3.9668E-05  1.1505E-01  6.0021E-02  4.8052E-02  2.3159E-02
          1.6093E-02  1.4647E-02  9.8564E-03  5.8827E-03  6.1465E-03
          4.2837E-03  2.3766E-03  1.5592E-03  9.3999E-04  4.6065E-04
          2.5307E-04  1.1892E-04  5.6466E-05  3.5651E-05  5.0000E-01
          1.8916E-01  1.7485E-01  7.4106E-02  8.9105E-02  5.5388E-02
          2.8409E-02  1.8092E-02  1.8830E-02  1.4974E-02  6.0898E-03
          2.9451E-03  2.4128E-03  6.9892E-04  3.4608E-04  1.6478E-04
          6.2874E-05  3.4912E-05  2.0605E-02 -1.0000E+00 -1.0000E+00
wwe:p  1.0000E+02
wwn1:p    8.9542E-02  3.1765E-02  1.8585E-02  1.2942E-02  9.8593E-03
          7.4274E-03  5.3421E-03  3.5182E-03  2.6774E-03  2.1476E-03
          1.5736E-03  1.0282E-03  6.1020E-04  3.5623E-04  2.1659E-04
          1.0988E-04  5.2319E-05  2.1154E-05  1.8925E-01  6.3952E-02
          6.1192E-02  5.0967E-02  4.1927E-02  3.2351E-02  2.1698E-02
          1.3774E-02  1.0039E-02  8.9443E-03  6.1888E-03  3.5643E-03
          2.0409E-03  9.8272E-04  5.4642E-04  2.5125E-04  9.4136E-05
          2.9589E-05  3.4117E-01  2.0780E-01  2.2238E-01  1.2404E-01
          9.7065E-02  9.6006E-02  9.9098E-02  6.4999E-02  4.2955E-02
          4.4509E-02  2.9303E-02  1.4409E-02  5.5327E-03  2.7281E-03
          1.2597E-03  4.3567E-04  1.3670E-04  3.3384E-05  1.7344E+00
          1.5906E+00  1.8091E+00  1.6917E+00  8.6921E-01  5.0199E+00
          2.2666E+00  1.3984E+00  7.8491E-01  2.6424E-01  4.5526E-02
          2.0361E-02  1.0821E-02  5.9445E-03  2.4286E-03  7.4701E-04
          1.8063E-04  3.6840E-05  1.1479E-02 -1.0000E+00 -1.0000E+00
