wwe:n  1.0000E+02
wwn1:n    5.0000E-01  1.4158E-01  1.0897E-01  7.3558E-02  4.7865E-02
          2.3313E-02  1.3145E-02  7.8788E-03  6.1053E-03  5.7186E-03
          5.5238E-03  2.6851E-03  1.7407E-03  1.1761E-03  7.9977E-04
          2.1954E-03  1.1291E-03  0.0000E+00  5.0192E-02 -1.0000E+00
         -1.0000E+00
wwe:p  1.0000E+02
wwn1:p    3.9541E-01  2.5465E-01  1.8449E-01  1.4440E-01  1.5485E-01
          7.6231E-02  4.2205E-02  1.9675E-02  1.4560E-02  8.1118E-03
          5.5649E-03  2.7160E-03  1.5940E-03  1.2230E-03  5.8835E-04
          3.2804E-04  1.9796E-04  1.2342E-04  1.6461E-02 -1.0000E+00
         -1.0000E+00
