wwe:n  1.0000E+02
wwn1:n    3.4366E-02  1.9181E-02  1.3104E-02  9.1327E-03  6.6258E-03
          4.7116E-03  3.3708E-03  2.4635E-03  1.6496E-03  1.1777E-03
          7.8645E-04  5.4025E-04  3.4822E-04  2.3370E-04  1.5124E-04
          9.6439E-05  6.2879E-05  5.6791E-05  5.5069E-02  3.1285E-02
          2.0568E-02  1.4476E-02  1.0732E-02  7.9068E-03  5.7902E-03
          4.0941E-03  2.5433E-03  1.8948E-03  1.3017E-03  8.1745E-04
          5.3880E-04  3.2810E-04  1.9041E-04  1.0524E-04  5.4724E-05
          3.8535E-05  1.1833E-01  5.7658E-02  4.0538E-02  2.6477E-02
          1.7428E-02  1.3890E-02  9.6636E-03  7.0684E-03  4.3804E-03
          3.0563E-03  1.8648E-03  1.2318E-03  8.4839E-04  4.8239E-04
          2.5303E-04  1.2305E-04  5.4885E-05  3.3883E-05  5.0000E-01
          1.4948E-01  1.4826E-01  1.1451E-01  6.6063E-02  3.4447E-02
          1.9848E-02  1.3892E-02  1.1250E-02  6.9742E-03  3.6791E-03
          3.5470E-03  1.9007E-03  9.1250E-04  4.0061E-04  1.5912E-04
          6.0819E-05  3.3673E-05  0.0000E-00 -1.0000E+00 -1.0000E+00
wwe:p  1.0000E+02
wwn1:p    6.8141E-02  3.2188E-02  1.9884E-02  1.4759E-02  1.0535E-02
          7.9579E-03  5.7141E-03  4.5258E-03  3.2195E-03  2.3287E-03
          1.4998E-03  9.8306E-04  6.0992E-04  3.7387E-04  2.1311E-04
          1.1496E-04  5.1542E-05  2.1029E-05  2.1993E-01  8.7860E-02
          6.5334E-02  5.8238E-02  5.0090E-02  3.2242E-02  2.9632E-02
          1.9256E-02  9.9626E-03  8.6805E-03  6.6716E-03  2.9459E-03
          2.2003E-03  1.0846E-03  5.4233E-04  2.4837E-04  9.5296E-05
          2.8107E-05  5.4447E-01  3.5000E-01  2.5000E-01  1.9788E-01
          1.2140E-01  9.4943E-02  7.5000E-02  6.7955E-02  3.5132E-02
          2.5446E-02  1.6608E-02  7.7249E-03  5.0000E-03  2.8822E-03
          1.1850E-03  4.2886E-04  1.4159E-04  3.2698E-05  2.0000E+00
          1.2059E+00  1.0000E+00  8.0000E-01  5.2000E-01  4.5000E-01
          3.6665E-01  2.9586E-01  2.5959E-01  3.0820E-01  1.2190E-01
          5.8912E-02  2.5299E-02  8.5096E-03  2.5104E-03  7.3733E-04
          1.7725E-04  3.5556E-05  0.0000E-00 -1.0000E+00 -1.0000E+00
