wwe:p  1.0000E-01  1.0000E+00  1.0000E+01
wwn1:p    0.0000E+00  0.0000E+00  0.0000E+00  0.0000E+00  0.0000E+00
          0.0000E+00  0.0000E+00  5.1330E+04  0.0000E+00  0.0000E+00
          0.0000E+00  0.0000E+00  0.0000E+00  0.0000E+00  0.0000E+00
          0.0000E+00  0.0000E+00  0.0000E+00  1.4484E+01  3.6093E-02
          3.3365E-03  3.3264E-04  2.3649E-05  1.7903E-06  0.0000E+00
         -1.0000E+00
wwn2:p    0.0000E+00  0.0000E+00  1.9900E+04  0.0000E+00  0.0000E+00
          2.0676E+04  8.9895E+01  2.6079E+02  5.1401E+00  1.2578E+00
          3.9629E-01  1.3377E-01  4.5604E-02  1.6199E-02  5.7509E-03
          2.0104E-03  7.0637E-04  2.5006E-04  8.9267E-05  3.1531E-05
          1.1377E-05  4.0147E-06  1.4658E-06  5.4143E-07  0.0000E+00
         -1.0000E+00
wwn3:p    5.0000E-01  5.0000E-01  5.0000E-01  0.0000E+00  0.0000E+00
          6.4148E+03  8.1315E+01  2.1525E+02  8.4718E-02  3.3359E-02
          1.3036E-02  5.2168E-03  2.0654E-03  8.3988E-04  3.3987E-04
          1.4389E-04  6.0206E-05  2.5651E-05  1.1236E-05  4.9502E-06
          2.3550E-06  1.1425E-06  6.0099E-07  3.6235E-07  0.0000E+00
         -1.0000E+00
