wwe:p  1.0000E-01  1.0000E+00  1.0000E+01
wwn1:p    0.0000E+00  0.0000E+00  0.0000E+00  0.0000E+00  0.0000E+00
          0.0000E+00  1.0534E+03  1.9130E+03  0.0000E+00  0.0000E+00
          0.0000E+00  0.0000E+00  0.0000E+00  0.0000E+00  0.0000E+00
          0.0000E+00  0.0000E+00  5.8481E+00  2.4211E+00  5.6346E-02
          4.9930E-03  3.2804E-04  2.2517E-05  1.7068E-06  0.0000E+00
         -1.0000E+00
wwn2:p    0.0000E+00  0.0000E+00  0.0000E+00  0.0000E+00  0.0000E+00
          0.0000E+00  2.7813E+02  5.4339E+02  5.9535E+00  1.2700E+00
          4.0679E-01  1.4284E-01  4.5926E-02  1.5603E-02  5.5511E-03
          1.9457E-03  6.7933E-04  2.4547E-04  8.8736E-05  3.1574E-05
          1.1430E-05  4.0697E-06  1.4677E-06  5.3788E-07  0.0000E+00
         -1.0000E+00
wwn3:p    5.0000E-01  5.0000E-01  5.0000E-01  0.0000E+00  3.4526E+03
          9.1543E+02  8.9470E+02  7.3230E+02  8.4796E-02  3.3301E-02
          1.3019E-02  5.1960E-03  2.0523E-03  8.3944E-04  3.4328E-04
          1.4301E-04  6.0279E-05  2.5521E-05  1.1316E-05  5.0173E-06
          2.3295E-06  1.1362E-06  6.0600E-07  3.6858E-07  0.0000E+00
         -1.0000E+00
