wwe:p  1.0000E-01  1.0000E+00  1.0000E+01
wwn1:p    0.0000E+00  0.0000E+00  0.0000E+00  0.0000E+00  0.0000E+00
          0.0000E+00  0.0000E+00  0.0000E+00  0.0000E+00  0.0000E+00
          0.0000E+00  0.0000E+00  0.0000E+00  0.0000E+00  0.0000E+00
          0.0000E+00  0.0000E+00  0.0000E+00  0.0000E+00  1.3433E-01
          4.6286E-03  3.8524E-04  2.3586E-05  1.7766E-06  0.0000E+00
         -1.0000E+00
wwn2:p    0.0000E+00  0.0000E+00  0.0000E+00  0.0000E+00  0.0000E+00
          0.0000E+00  4.6612E+02  1.2131E+02  4.7901E+00  1.2311E+00
          4.3356E-01  1.5100E-01  4.9237E-02  1.6289E-02  5.9595E-03
          2.0557E-03  7.2377E-04  2.5825E-04  9.0882E-05  3.1690E-05
          1.1448E-05  4.0764E-06  1.4769E-06  5.4622E-07  0.0000E+00
         -1.0000E+00
wwn3:p    5.0000E-01  5.0000E-01  5.0000E-01  0.0000E+00  0.0000E+00
          1.1741E+04  2.0547E+03  1.0902E+02  8.4738E-02  3.3455E-02
          1.2987E-02  5.1449E-03  2.0409E-03  8.3255E-04  3.4035E-04
          1.4221E-04  5.9715E-05  2.5253E-05  1.1180E-05  4.9472E-06
          2.3540E-06  1.1542E-06  6.1950E-07  3.8106E-07  0.0000E+00
         -1.0000E+00
