wwe:p  1.0000E-01  1.0000E+00  1.0000E+01
wwn1:p    0.0000E+00  0.0000E+00  0.0000E+00  0.0000E+00  0.0000E+00
          0.0000E+00  2.8730E+05  2.5048E+03  0.0000E+00  0.0000E+00
          0.0000E+00  0.0000E+00  0.0000E+00  0.0000E+00  0.0000E+00
          0.0000E+00  0.0000E+00  3.2057E+01  4.2936E-01  4.8282E-02
          4.5195E-03  3.4158E-04  2.4435E-05  1.8018E-06  0.0000E+00
         -1.0000E+00
wwn2:p    0.0000E+00  0.0000E+00  2.4440E+03  0.0000E+00  3.0632E+03
          2.5532E+04  1.8684E+02  1.1382E+02  4.0994E+00  1.1960E+00
          4.0932E-01  1.3908E-01  4.7461E-02  1.6602E-02  5.8725E-03
          2.0693E-03  7.3021E-04  2.5675E-04  9.0399E-05  3.2032E-05
          1.1496E-05  4.1253E-06  1.4952E-06  5.5264E-07  0.0000E+00
         -1.0000E+00
wwn3:p    5.0000E-01  5.0000E-01  5.0000E-01  0.0000E+00  1.4440E+03
          8.1039E+02  3.2242E+02  3.5460E+02  8.4968E-02  3.3428E-02
          1.3110E-02  5.1734E-03  2.0658E-03  8.3968E-04  3.4302E-04
          1.4251E-04  5.9964E-05  2.5650E-05  1.1254E-05  5.0707E-06
          2.3698E-06  1.1624E-06  6.1722E-07  3.7879E-07  0.0000E+00
         -1.0000E+00
