wwe:p  1.0000E-01  1.0000E+00  1.0000E+01
wwn1:p    0.0000E+00  0.0000E+00  0.0000E+00  0.0000E+00  0.0000E+00
          0.0000E+00  0.0000E+00  0.0000E+00  0.0000E+00  0.0000E+00
          0.0000E+00  0.0000E+00  0.0000E+00  0.0000E+00  0.0000E+00
          0.0000E+00  0.0000E+00  0.0000E+00  0.0000E+00  0.0000E+00
          0.0000E+00  0.0000E+00  0.0000E+00  2.9619E-03  0.0000E+00
         -1.0000E+00
wwn2:p    0.0000E+00  0.0000E+00  0.0000E+00  0.0000E+00  0.0000E+00
          0.0000E+00  4.3305E-05  0.0000E+00  0.0000E+00  0.0000E+00
          0.0000E+00  0.0000E+00  0.0000E+00  0.0000E+00  0.0000E+00
          0.0000E+00  0.0000E+00  0.0000E+00  0.0000E+00  0.0000E+00
          9.6786E-06  0.0000E+00  0.0000E+00  8.0531E-04  0.0000E+00
         -1.0000E+00
wwn3:p    5.0000E-01  5.0000E-01  5.0000E-01  0.0000E+00  0.0000E+00
          0.0000E+00  0.0000E+00  0.0000E+00  5.2107E-01  6.2270E-02
          1.0306E-01  5.9460E-02  2.9719E-02  6.4414E-03  2.3550E-03
          9.5776E-04  9.0014E-05  6.8020E-05  1.0582E-05  4.4969E-06
          1.0336E-05  0.0000E+00  0.0000E+00  0.0000E+00  0.0000E+00
         -1.0000E+00
