wwe:p  1.0000E-01  1.0000E+00  1.0000E+01
wwn1:p    0.0000E+00  0.0000E+00  0.0000E+00  0.0000E+00  0.0000E+00
          0.0000E+00  0.0000E+00  0.0000E+00  0.0000E+00  0.0000E+00
          0.0000E+00  0.0000E+00  0.0000E+00  0.0000E+00  0.0000E+00
          0.0000E+00  0.0000E+00  1.3302E+02  9.2569E+01  4.5851E-02
          5.8381E-03  3.2544E-04  2.1825E-05  1.6747E-06  0.0000E+00
         -1.0000E+00
wwn2:p    0.0000E+00  0.0000E+00  0.0000E+00  0.0000E+00  0.0000E+00
          0.0000E+00  8.6244E+01  2.8848E+02  4.3823E+00  1.2342E+00
          4.0391E-01  1.4105E-01  4.9154E-02  1.7008E-02  6.0586E-03
          2.0585E-03  7.0964E-04  2.5446E-04  9.0100E-05  3.1001E-05
          1.1196E-05  4.0077E-06  1.4484E-06  5.3315E-07  0.0000E+00
         -1.0000E+00
wwn3:p    5.0000E-01  5.0000E-01  5.0000E-01  0.0000E+00  4.7347E+04
          1.1466E+04  6.3892E+01  2.3496E+02  8.4399E-02  3.3367E-02
          1.3076E-02  5.1726E-03  2.0405E-03  8.2901E-04  3.3734E-04
          1.3961E-04  5.8430E-05  2.5062E-05  1.0874E-05  4.8185E-06
          2.2834E-06  1.1102E-06  5.8703E-07  3.5664E-07  0.0000E+00
         -1.0000E+00
