wwe:p  1.0000E-01  1.0000E+00  1.0000E+01
wwn1:p    0.0000E+00  0.0000E+00  0.0000E+00  0.0000E+00  0.0000E+00
          0.0000E+00  1.3958E+04  1.0559E+05  0.0000E+00  0.0000E+00
          0.0000E+00  0.0000E+00  0.0000E+00  0.0000E+00  0.0000E+00
          0.0000E+00  3.0358E+03  5.6774E+01  8.6185E-01  7.5271E-02
          3.5678E-03  3.4570E-04  2.5751E-05  1.8024E-06  0.0000E+00
         -1.0000E+00
wwn2:p    0.0000E+00  0.0000E+00  0.0000E+00  0.0000E+00  9.0885E+03
          0.0000E+00  1.0358E+02  2.5295E+02  4.2052E+00  1.1733E+00
          3.9906E-01  1.3195E-01  4.7093E-02  1.6931E-02  6.1233E-03
          2.0899E-03  7.3143E-04  2.5532E-04  9.0867E-05  3.1762E-05
          1.1464E-05  4.0568E-06  1.4655E-06  5.4346E-07  0.0000E+00
         -1.0000E+00
wwn3:p    5.0000E-01  5.0000E-01  5.0000E-01  0.0000E+00  1.2585E+03
          1.2039E+04  3.4113E+02  1.5923E+04  8.4668E-02  3.3475E-02
          1.2966E-02  5.1881E-03  2.0737E-03  8.4700E-04  3.3665E-04
          1.4172E-04  5.8816E-05  2.4718E-05  1.0874E-05  4.9710E-06
          2.3009E-06  1.1177E-06  6.0369E-07  3.6842E-07  0.0000E+00
         -1.0000E+00
