         1         1         2        10                     08/04/11 16:41:28 
         0         1
   23.000       5.0000       5.0000      -528.00      -328.00      -128.00    
   4.0000       3.0000       3.0000       1.0000    
  -528.00       1.0000      -400.00       1.0000       4.0000      0.10000E-02
   1.0000       16.000       128.00       1.0000       2.0000       200.00    
   1.0000    
  -328.00       1.0000      -200.00       1.0000       3.0000       200.00    
   1.0000       1.0000       328.00       1.0000    
  -128.00       1.0000      0.10000E-02   1.0000       3.0000       400.00    
   1.0000       1.0000       528.00       1.0000    
   100.00    
   0.0000       0.0000       0.0000       0.0000       0.0000       0.0000    
   0.0000       0.0000       0.0000       0.0000       0.0000       0.0000    
   0.0000       0.0000       0.0000       0.0000       0.0000       0.0000    
   0.0000       0.0000       0.0000       0.0000       0.0000       0.0000    
   0.0000       0.0000       0.0000       0.0000       0.0000       0.0000    
   0.0000       0.0000       0.0000       0.0000       0.0000       0.0000    
   0.0000       0.0000       0.0000      0.80004E-04  0.44747E-04   0.0000    
   0.0000       0.0000       0.0000       0.0000       0.0000       0.0000    
   0.0000       0.0000       0.0000       0.0000       0.0000       0.0000    
   0.0000       0.0000       0.0000       0.0000       0.0000       0.0000    
   0.0000       0.0000       0.0000       0.0000      0.10869E-04  0.66300E-05
  0.21525E-03   0.0000       0.0000       0.0000       0.0000       0.0000    
   0.0000       0.0000       0.0000       0.0000       0.0000       0.0000    
   0.0000       0.0000       0.0000       0.0000       0.0000       0.0000    
   0.0000       0.0000       0.0000       0.0000       0.0000       0.0000    
   0.0000       0.0000       0.0000       0.0000       0.0000       0.0000    
   0.0000       0.0000       0.0000       0.0000       0.0000       0.0000    
   0.0000       0.0000       0.0000       0.0000       0.0000       0.0000    
   0.0000       0.0000       0.0000       0.0000       0.0000       0.0000    
   0.0000       0.0000       0.0000       0.0000       0.0000       590.22    
   5.9747       5.0032       3.1114       1.1248      0.32076      0.13670    
  0.57685E-01  0.20725E-01  0.85879E-02  0.58995E-02  0.32955E-02  0.83448E-03
  0.31833E-03  0.65459E-04  0.45294E-04  0.23462E-04   0.0000       0.0000    
   0.0000       0.0000       0.0000       121.85      0.97659      0.44624    
  0.20801      0.97929E-01  0.41930E-01  0.17662E-01  0.72878E-02  0.28469E-02
  0.11317E-02  0.45426E-03  0.17215E-03  0.69492E-04  0.27010E-04  0.10582E-04
  0.38892E-05  0.14699E-05  0.58884E-06   0.0000       0.0000       0.0000    
   0.0000       0.0000       5.4081      0.30450      0.14521      0.81847E-01
  0.40763E-01  0.19336E-01  0.87324E-02  0.39233E-02  0.16989E-02  0.73761E-03
  0.30439E-03  0.12816E-03  0.53335E-04  0.22513E-04  0.90623E-05  0.36489E-05
  0.14707E-05  0.59480E-06   0.0000       0.0000       0.0000       0.0000    
   0.0000       99.959      0.91070      0.34265      0.18178      0.84244E-01
  0.37624E-01  0.16209E-01  0.68831E-02  0.27866E-02  0.11815E-02  0.45129E-03
  0.17532E-03  0.66066E-04  0.25846E-04  0.10894E-04  0.39323E-05  0.15244E-05
  0.57886E-06   0.0000       0.0000       0.0000       0.0000       0.0000    
   0.0000       0.0000       22.362       18.570       2.2629       1.1457    
  0.56287      0.25281      0.10549      0.40695E-01  0.13207E-01  0.61281E-02
  0.28411E-02  0.99568E-03  0.29378E-03  0.41278E-04  0.17616E-04  0.90899E-05
   0.0000       0.0000       0.0000       0.0000       0.0000       0.0000    
   195.16       14.233       7.6445       2.6801       1.2401      0.36398    
  0.14948      0.54084E-01  0.19649E-01  0.89918E-02  0.33460E-02  0.91704E-03
  0.40581E-03  0.17371E-03  0.63548E-04  0.27637E-04  0.11708E-04   0.0000    
   0.0000       0.0000       0.0000       0.0000       5.0465      0.26180    
  0.11985      0.72731E-01  0.37703E-01  0.18367E-01  0.84993E-02  0.39341E-02
  0.16961E-02  0.72644E-03  0.30910E-03  0.13236E-03  0.52851E-04  0.21817E-04
  0.93173E-05  0.36679E-05  0.14697E-05  0.58696E-06   0.0000       0.0000    
   0.0000       0.0000       0.0000      0.50000      0.60382E-01  0.35253E-01
  0.24998E-01  0.14784E-01  0.82867E-02  0.43150E-02  0.21409E-02  0.99687E-03
  0.45387E-03  0.20344E-03  0.91283E-04  0.40785E-04  0.17401E-04  0.73870E-05
  0.31612E-05  0.13796E-05  0.57290E-06   0.0000       0.0000       0.0000    
   0.0000       0.0000       4.2916      0.28438      0.14398      0.76180E-01
  0.39011E-01  0.19348E-01  0.90653E-02  0.39929E-02  0.17270E-02  0.71129E-03
  0.30207E-03  0.13115E-03  0.54937E-04  0.21633E-04  0.89081E-05  0.35254E-05
  0.14315E-05  0.54728E-06   0.0000       0.0000       0.0000       0.0000    
   0.0000       0.0000       1580.0       118.74       15.543       2.5625    
  0.75277      0.20716      0.10065      0.46473E-01  0.20160E-01  0.82787E-02
  0.28157E-02  0.99913E-03  0.18065E-03  0.66058E-04  0.33696E-04  0.19705E-04
  0.99633E-05   0.0000       0.0000       0.0000       0.0000       0.0000    
   0.0000       0.0000       0.0000       65.211       35.283       1.3025    
  0.60384      0.23856      0.10483      0.36873E-01  0.15063E-01  0.54908E-02
  0.17012E-02  0.75447E-03  0.35778E-03  0.12078E-03  0.41776E-04  0.17942E-04
   0.0000       0.0000       0.0000       0.0000       0.0000       1866.8    
   1.1348      0.38588      0.19551      0.90623E-01  0.40095E-01  0.16486E-01
  0.64767E-02  0.25761E-02  0.99895E-03  0.38453E-03  0.15345E-03  0.63654E-04
  0.25144E-04  0.95972E-05  0.37447E-05  0.14574E-05  0.56499E-06   0.0000    
   0.0000       0.0000       0.0000       0.0000       6.0658      0.28165    
  0.12472      0.68627E-01  0.35439E-01  0.16825E-01  0.74708E-02  0.33987E-02
  0.15155E-02  0.64211E-03  0.27631E-03  0.11331E-03  0.47222E-04  0.19495E-04
  0.82248E-05  0.34888E-05  0.14095E-05  0.57058E-06   0.0000       0.0000    
   0.0000       0.0000       0.0000       554.84       1.2681      0.51852    
  0.21974      0.10017      0.42216E-01  0.17531E-01  0.72744E-02  0.29744E-02
  0.11884E-02  0.45768E-03  0.17338E-03  0.68426E-04  0.26312E-04  0.10504E-04
  0.40876E-05  0.15779E-05  0.59900E-06   0.0000       0.0000       0.0000    
   0.0000       0.0000       0.0000       0.0000       9.9581       6.3939    
   3.7135       1.8610      0.84437      0.81207E-01  0.35203E-01  0.14415E-01
  0.63390E-02  0.27051E-02  0.82392E-03  0.25947E-03  0.11115E-03  0.42567E-04
  0.19436E-04  0.14372E-04   0.0000       0.0000       0.0000       0.0000    
   0.0000       0.0000       0.0000       0.0000       0.0000       0.0000    
   0.0000       0.0000       0.0000       0.0000       0.0000       0.0000    
   0.0000       0.0000       0.0000       0.0000       0.0000       0.0000    
   0.0000       0.0000       0.0000       0.0000       0.0000       0.0000    
   0.0000       0.0000       0.0000       0.0000       0.0000       0.0000    
   0.0000       0.0000       0.0000       0.0000       0.0000       0.0000    
  0.23176E-01  0.10353E-01  0.15575E-03  0.69271E-02   0.0000       0.0000    
   0.0000       0.0000       0.0000       0.0000       0.0000       0.0000    
   0.0000       0.0000       0.0000       0.0000       0.0000       0.0000    
   3.4442      0.40664       0.0000       0.0000       0.0000       0.0000    
   0.0000       0.0000      0.13198E-01  0.22031E-04  0.35268E-05   0.0000    
   0.0000       0.0000       0.0000       0.0000       0.0000       0.0000    
   0.0000       0.0000       0.0000       0.0000       0.0000       0.0000    
   0.0000       0.0000       0.0000       0.0000       0.0000       0.0000    
   0.0000       0.0000       0.0000       0.0000       0.0000       0.0000    
   0.0000       0.0000       0.0000       0.0000       0.0000       0.0000    
   0.0000       0.0000       0.0000       0.0000       0.0000       0.0000    
   0.0000       0.0000       0.0000       0.0000       0.0000       0.0000    
   0.0000       0.0000       0.0000       0.0000       0.0000    
