wwe:p  1.0000E-01  1.0000E+00  1.0000E+01
wwn1:p    0.0000E+00  0.0000E+00  0.0000E+00  0.0000E+00  0.0000E+00
          0.0000E+00  9.1054E+02  1.2230E+04  0.0000E+00  0.0000E+00
          0.0000E+00  0.0000E+00  0.0000E+00  0.0000E+00  0.0000E+00
          0.0000E+00  0.0000E+00  4.0230E+01  4.1143E-01  4.5074E-02
          4.4577E-03  3.1938E-04  2.4106E-05  1.8174E-06  0.0000E+00
         -1.0000E+00
wwn2:p    0.0000E+00  0.0000E+00  5.2015E+03  0.0000E+00  1.7355E+03
          1.0830E+03  3.2246E+01  3.5063E+01  4.2380E+00  1.2302E+00
          4.1406E-01  1.4349E-01  4.9021E-02  1.7470E-02  6.3211E-03
          2.0783E-03  7.2639E-04  2.5623E-04  8.9871E-05  3.1932E-05
          1.1367E-05  4.1103E-06  1.4872E-06  5.5008E-07  0.0000E+00
         -1.0000E+00
wwn3:p    5.0000E-01  5.0000E-01  5.0000E-01  0.0000E+00  7.6836E+02
          6.0124E+02  6.9708E+01  4.1633E+01  8.4975E-02  3.3257E-02
          1.3090E-02  5.1646E-03  2.0614E-03  8.3364E-04  3.4241E-04
          1.4148E-04  5.9507E-05  2.5606E-05  1.1187E-05  5.0700E-06
          2.3583E-06  1.1635E-06  6.1901E-07  3.7718E-07  0.0000E+00
         -1.0000E+00
