wwe:n  1.0000E-04  1.0000E+00  1.0000E+01
wwn1:n    9.5126E-01  3.4896E-01  1.3751E-01  5.4872E-02  2.0456E-02
          7.4198E-03  2.7005E-03  9.5940E-04  3.3817E-04  1.1823E-04
          4.1676E-05  1.4685E-05  5.2007E-06  1.8298E-06  6.3950E-07
          2.2384E-07 -1.0000E+00
wwn2:n    6.6357E-01  2.2770E-01  8.3731E-02  3.0442E-02  1.0650E-02
          3.8195E-03  1.2758E-03  4.2801E-04  1.5401E-04  5.7527E-05
          2.1244E-05  7.8512E-06  2.7309E-06  9.6583E-07  3.4820E-07
          1.5472E-07 -1.0000E+00
wwn3:n    5.0000E-01  7.3088E-02  2.5928E-02  9.6122E-03  3.3036E-03
          1.1742E-03  3.9995E-04  1.5825E-04  6.0046E-05  2.3013E-05
          7.8851E-06  3.0391E-06  1.3247E-06  4.3856E-07  2.1864E-07
          1.1263E-07 -1.0000E+00
