wwe:n  1.0000E-04  1.0000E+00  1.0000E+01
wwn1:n    1.0419E+00  3.4700E-01  1.3758E-01  5.3942E-02  2.0343E-02
          7.4648E-03  2.7022E-03  9.6526E-04  3.4356E-04  1.2043E-04
          4.2276E-05  1.4813E-05  5.2409E-06  1.8369E-06  6.4680E-07
          2.2534E-07 -1.0000E+00
wwn2:n    7.1911E-01  2.2448E-01  8.1947E-02  3.0506E-02  1.0991E-02
          3.7737E-03  1.3372E-03  4.6865E-04  1.5856E-04  5.3972E-05
          1.8690E-05  7.0495E-06  2.6307E-06  9.4843E-07  3.9688E-07
          1.5642E-07 -1.0000E+00
wwn3:n    5.0000E-01  7.1758E-02  2.6337E-02  9.5373E-03  3.3162E-03
          1.1754E-03  4.1753E-04  1.5120E-04  5.4856E-05  1.9665E-05
          7.5165E-06  2.8496E-06  1.2041E-06  5.3764E-07  2.2484E-07
          1.1154E-07 -1.0000E+00
