wwe:n  1.0000E-04  1.0000E-03  1.0000E-02  1.0000E-01  1.0000E+00
       1.0000E+01
wwn1:n    9.5126E-01  3.4896E-01  1.3751E-01  5.4872E-02  2.0456E-02
          7.4198E-03  2.7005E-03  9.5940E-04  3.3817E-04  1.1823E-04
          4.1676E-05  1.4685E-05  5.2007E-06  1.8298E-06  6.3950E-07
          2.2384E-07 -1.0000E+00
wwn2:n    9.5367E-01  3.1537E-01  1.0974E-01  3.8365E-02  1.2787E-02
          4.7588E-03  1.7046E-03  5.3485E-04  1.9322E-04  7.2362E-05
          2.9494E-05  9.8120E-06  3.5138E-06  1.1828E-06  3.6880E-07
          1.7052E-07 -1.0000E+00
wwn3:n    8.9046E-01  2.8344E-01  1.0488E-01  3.8019E-02  1.2299E-02
          4.4448E-03  1.4875E-03  5.2766E-04  1.7594E-04  6.7982E-05
          2.5981E-05  9.2771E-06  3.3036E-06  1.1010E-06  3.5816E-07
          1.4376E-07 -1.0000E+00
wwn4:n    8.5387E-01  2.6045E-01  9.6091E-02  3.2580E-02  1.1448E-02
          4.0944E-03  1.3290E-03  4.6374E-04  1.5101E-04  6.0799E-05
          2.1803E-05  8.4911E-06  2.9537E-06  1.0963E-06  3.3376E-07
          1.3671E-07 -1.0000E+00
wwn5:n    6.4918E-01  2.0430E-01  7.1528E-02  2.6191E-02  8.7861E-03
          3.1723E-03  9.6025E-04  3.4829E-04  1.2928E-04  4.7848E-05
          1.6551E-05  6.1909E-06  2.1884E-06  7.8648E-07  2.8034E-07
          1.4420E-07 -1.0000E+00
wwn6:n    5.0000E-01  7.3088E-02  2.5928E-02  9.6122E-03  3.3036E-03
          1.1742E-03  3.9995E-04  1.5825E-04  6.0046E-05  2.3013E-05
          7.8851E-06  3.0391E-06  1.3247E-06  4.3856E-07  2.1864E-07
          1.1263E-07 -1.0000E+00
