wwe:n  1.0000E-04  1.0000E+00  1.0000E+01
wwn1:n    9.3617E-01  3.3818E-01  1.3830E-01  5.4077E-02  2.0062E-02
          7.4548E-03  2.6258E-03  9.3022E-04  3.2738E-04  1.1578E-04
          4.0569E-05  1.4229E-05  4.9945E-06  1.7570E-06  6.1581E-07
          2.1513E-07 -1.0000E+00
wwn2:n    7.1408E-01  2.2157E-01  8.1100E-02  2.9656E-02  1.0793E-02
          3.6412E-03  1.2112E-03  4.1451E-04  1.5378E-04  5.6452E-05
          1.8482E-05  6.3245E-06  2.4166E-06  9.1677E-07  2.9192E-07
          1.3416E-07 -1.0000E+00
wwn3:n    5.0000E-01  7.2084E-02  2.5972E-02  9.0970E-03  3.2697E-03
          1.1479E-03  4.1246E-04  1.4970E-04  5.6292E-05  1.9459E-05
          7.1332E-06  2.5647E-06  1.0520E-06  4.3221E-07  1.9069E-07
          8.8026E-08 -1.0000E+00
