wwe:n  1.0000E-04  1.0000E+00  1.0000E+01
wwn1:n    9.7826E-01  3.4984E-01  1.3845E-01  5.4856E-02  2.0439E-02
          7.4969E-03  2.6816E-03  9.5638E-04  3.4198E-04  1.2085E-04
          4.2970E-05  1.5162E-05  5.3174E-06  1.8707E-06  6.5283E-07
          2.2939E-07 -1.0000E+00
wwn2:n    7.1124E-01  2.1870E-01  8.2460E-02  2.9636E-02  1.0894E-02
          3.7117E-03  1.2309E-03  4.3134E-04  1.5164E-04  5.8905E-05
          2.2751E-05  7.9463E-06  2.5194E-06  8.4485E-07  3.1780E-07
          1.4440E-07 -1.0000E+00
wwn3:n    5.0000E-01  7.2035E-02  2.6486E-02  9.4041E-03  3.3633E-03
          1.1798E-03  4.1717E-04  1.4717E-04  5.4854E-05  2.2011E-05
          7.6605E-06  2.8896E-06  1.0201E-06  4.4438E-07  1.8733E-07
          9.8624E-08 -1.0000E+00
