wwe:n  1.0000E-04  1.0000E+00  1.0000E+01
wwn1:n    9.0479E-01  3.5934E-01  1.4329E-01  5.4192E-02  1.9909E-02
          7.3905E-03  2.6795E-03  9.4919E-04  3.3834E-04  1.2076E-04
          4.2288E-05  1.4746E-05  5.1474E-06  1.8096E-06  6.4084E-07
          2.2424E-07 -1.0000E+00
wwn2:n    6.7082E-01  2.1959E-01  8.0941E-02  2.8791E-02  1.0202E-02
          3.7493E-03  1.3385E-03  4.5398E-04  1.6095E-04  5.7959E-05
          1.9877E-05  6.4451E-06  2.3647E-06  1.0337E-06  3.6310E-07
          1.5009E-07 -1.0000E+00
wwn3:n    5.0000E-01  7.3168E-02  2.6115E-02  9.4847E-03  3.4373E-03
          1.2536E-03  4.2499E-04  1.5895E-04  5.4383E-05  2.0439E-05
          7.7034E-06  3.3039E-06  1.4125E-06  5.9283E-07  2.3329E-07
          1.1564E-07 -1.0000E+00
