wwe:n  1.0000E-04  1.0000E+00  1.0000E+01
wwn1:n    9.9215E-01  3.4561E-01  1.4995E-01  5.8639E-02  2.2077E-02
          7.9027E-03  2.8060E-03  9.9011E-04  3.4691E-04  1.2113E-04
          4.2789E-05  1.4948E-05  5.3208E-06  1.8281E-06  6.3741E-07
          2.2238E-07 -1.0000E+00
wwn2:n    7.5041E-01  2.5144E-01  8.9134E-02  2.9090E-02  9.9366E-03
          3.2433E-03  1.1105E-03  4.0269E-04  1.5968E-04  5.1584E-05
          2.3488E-05  7.1053E-06  2.7228E-06  8.7428E-07  3.1373E-07
          1.1116E-07 -1.0000E+00
wwn3:n    5.0000E-01  7.1559E-02  2.5236E-02  8.6993E-03  3.1813E-03
          1.1578E-03  4.4718E-04  1.4955E-04  5.6342E-05  1.8445E-05
          6.8588E-06  2.2252E-06  9.4420E-07  2.9958E-07  1.6594E-07
          6.8605E-08 -1.0000E+00
