wwe:n  1.0000E-04  1.0000E+00  1.0000E+01
wwn1:n    1.0616E+00  3.3741E-01  1.3615E-01  5.3604E-02  2.0299E-02
          7.4148E-03  2.7010E-03  9.7497E-04  3.4975E-04  1.2463E-04
          4.3805E-05  1.5351E-05  5.3778E-06  1.8848E-06  6.6001E-07
          2.3394E-07 -1.0000E+00
wwn2:n    7.0711E-01  2.2049E-01  7.9861E-02  2.9091E-02  1.0459E-02
          3.7436E-03  1.3259E-03  4.6236E-04  1.7243E-04  6.0001E-05
          1.8919E-05  6.7140E-06  2.4673E-06  9.5567E-07  3.8242E-07
          1.5197E-07 -1.0000E+00
wwn3:n    5.0000E-01  7.2842E-02  2.6537E-02  9.6185E-03  3.5977E-03
          1.3281E-03  4.5662E-04  1.6744E-04  6.1897E-05  2.2144E-05
          7.9119E-06  2.9584E-06  1.1536E-06  5.1232E-07  2.5599E-07
          1.1088E-07 -1.0000E+00
