wwe:n  1.0000E-04  1.0000E+00  1.0000E+01
wwn1:n    9.9293E-01  3.4898E-01  1.3922E-01  5.4620E-02  2.0456E-02
          7.4839E-03  2.7166E-03  9.6636E-04  3.4002E-04  1.2052E-04
          4.2115E-05  1.4691E-05  5.1461E-06  1.7969E-06  6.3105E-07
          2.2332E-07 -1.0000E+00
wwn2:n    6.8853E-01  2.2362E-01  8.1658E-02  3.0117E-02  1.0432E-02
          3.7468E-03  1.3268E-03  4.4983E-04  1.5300E-04  5.8088E-05
          1.9703E-05  6.7546E-06  2.2688E-06  8.2176E-07  3.1396E-07
          1.5351E-07 -1.0000E+00
wwn3:n    5.0000E-01  7.2826E-02  2.6180E-02  9.3459E-03  3.3303E-03
          1.2232E-03  4.4268E-04  1.5839E-04  5.7917E-05  1.9918E-05
          6.9877E-06  2.5830E-06  9.7542E-07  4.1154E-07  1.8876E-07
          1.0211E-07 -1.0000E+00
