         1         1         2        16                     10/30/12 11:18:21 
         0         1
   2.0000       33.000       1.0000      0.10000E-02 -0.10000E-02   0.0000    
   2.0000       3.0000       1.0000      0.10000E-02   69.999       0.0000    
   101.00     -0.10000E-02   0.0000       2.0000    
   0.0000       1.0000       10.000       1.0000       1.0000       101.00    
   1.0000    
   0.0000       16.000       32.000       1.0000       16.000       64.000    
   1.0000       1.0000       70.000       1.0000    
   0.0000       1.0000       1.0000       1.0000    
   100.00    
  0.50000       0.2000      0.46056E-01   0.0300      0.10732E-01   0.0050    
  0.28146E-02  0.90000E-02  0.72496E-03  0.40000E-03  0.16504E-03  0.80000E-04
  0.43745E-04  0.20000E-04  0.12987E-04  0.60000E-05  0.31192E-05  0.90000e-06 
  0.79087E-06  0.50000e-06  0.20899E-06  0.72021E-01  0.57084E-07  0.11174E-05
  0.13857E-07  0.58301E-07  0.44031E-08  0.17178E-07  0.11649E-08  0.57583E-08
  0.36446E-09  0.30736E-09  0.14008E-09  0.77349E-10  0.37525E-10  0.22185E-10
  0.11648E-10  0.70984E-11  0.26634E-11  0.21530E-11  0.83350E-12  0.63250E-12
  0.17394E-12  0.16382E-12  0.70725E-13  0.64191E-13  0.18330E-13  0.12889E-13
  0.63320E-14  0.32194E-14  0.26110E-14  0.66352E-15  0.73166E-15  0.22211E-15
  0.53208E-15  0.93559E-16  0.58295E-16  0.16505E-16  0.60574E-17  0.40981E-17
  0.24576E-17  0.20743E-17  0.56033E-18  0.14463E-17  0.20845E-18  0.21488E-18
